0 952
30 738
83 418
151 1652
312 408
1471 739
1472 1220
1 721
7 622
9 1758
21 1670
114 256
130 429
279 1287
316 1016
402 873
404 1328
407 206
428 494
431 1066
432 101
438 368
441 1303
444 1189
449 366
454 1201
623 904
1506 672
2 1526
23 1067
34 1620
105 1024
116 688
164 1137
168 626
217 1453
253 1640
957 130
3 1115
12 1157
20 828
38 1057
50 967
73 1187
88 1096
122 284
146 1464
172 936
1473 411
4 825
5 974
6 696
204 1286
13 1139
18 835
79 894
149 829
191 614
199 1039
211 1619
216 95
341 933
531 1440
1492 1455
1528 17
8 526
11 1236
37 1235
91 577
111 1152
126 451
215 851
226 1540
238 1625
240 442
241 1046
274 1370
281 1165
287 584
289 1375
295 1112
296 475
307 1262
315 1022
325 346
331 686
334 1275
1525 1407
1529 178
1530 47
1537 1017
1540 327
1544 901
1545 417
1546 153
1551 499
1552 2
10 981
15 416
275 1396
162 424
220 834
14 774
16 1722
17 1664
24 56
29 1331
19 1500
46 529
49 789
54 1481
61 919
63 606
67 532
69 53
74 308
1477 678
167 1133
22 1151
214 1420
257 641
259 1131
288 273
303 842
310 5
1483 785
1533 138
1538 1031
25 1064
125 926
26 1423
53 613
27 646
48 1628
72 523
81 244
89 16
113 663
28 1406
77 1073
320 1385
770 412
1508 1699
1548 1428
1553 74
76 732
98 1362
101 709
112 359
1479 679
1489 99
31 1310
32 203
1474 50
33 694
47 257
128 105
391 498
392 597
1293 1580
35 517
36 464
109 228
252 508
485 503
537 1559
742 217
766 900
844 1190
1001 665
1070 341
1490 1114
55 1616
170 436
171 861
374 879
463 365
471 1172
560 1449
565 268
567 1336
575 1636
614 285
620 1486
641 125
685 1094
1638 853
39 1717
40 847
408 212
41 1509
42 406
43 263
44 530
45 104
58 198
62 380
97 419
110 635
165 923
224 973
328 1356
335 543
349 1146
358 728
379 1777
412 870
700 1536
752 360
789 1348
810 1392
938 428
942 1703
1004 1036
1007 1656
1015 1041
1050 848
1080 766
1114 1714
1167 1780
1247 1504
1248 1164
1285 1632
1319 576
1361 544
1369 979
1370 1461
1373 465
1380 405
1385 1371
1389 11
1395 1368
1401 1691
1408 128
1454 1689
1559 849
1745 1755
1762 1767
1774 453
124 515
186 1492
762 293
768 1561
809 1085
867 636
889 810
893 1207
909 1097
920 430
922 1180
941 493
944 1574
952 361
965 1204
980 1086
1012 1609
1022 912
1041 1071
1043 1195
1047 1460
1057 1084
1067 539
1099 882
1111 1138
1128 1726
1145 1662
1172 1600
1197 1644
1216 329
1252 286
1275 1779
1301 279
1318 586
1325 1667
1350 759
1359 702
1368 1672
1371 134
1379 72
1390 1515
1391 1740
1393 80
1476 1631
1511 402
1723 213
1728 619
1736 1739
1737 1711
1747 26
1748 1379
60 1612
205 437
236 922
243 1645
330 617
362 62
367 476
380 533
396 1268
727 1443
751 1048
804 89
863 1408
897 123
904 1092
908 1487
914 349
984 676
1024 940
1046 472
1048 657
1055 857
1061 653
1103 154
1112 787
1120 603
1154 1154
1173 1365
1180 253
1190 690
1207 106
1232 956
1276 313
1298 185
1311 1539
1388 1366
1403 0
1417 1564
1423 1759
1431 1383
1433 820
1435 642
1444 667
1475 1546
1482 1660
1709 799
1714 460
1721 33
1731 1421
1768 1038
1769 36
1773 504
117 1417
138 505
370 421
740 917
784 422
792 831
988 495
999 111
1051 1111
1056 358
1062 1106
1155 1521
1162 1444
1324 176
1331 314
1396 112
1402 401
1441 300
1447 1489
1713 640
1752 274
78 513
219 1269
231 1001
235 1266
260 1068
343 427
348 685
387 1485
415 8
779 1076
807 334
836 331
955 1302
961 1284
969 647
972 1374
986 536
996 1248
1085 1490
1261 1776
1358 1473
1375 456
1415 666
1425 10
1445 350
1481 1683
1734 592
1749 413
1756 1715
1763 1258
1764 481
1767 1614
1776 1482
51 1228
52 491
102 720
179 124
255 1063
333 1108
337 54
411 353
467 1074
496 1685
535 528
585 862
594 132
1018 769
1195 1471
1221 880
1478 410
1496 474
1570 1624
1571 1543
1572 214
1627 1230
1641 1142
121 634
363 1451
825 1493
878 201
921 73
1118 881
1242 891
1387 264
201 1229
306 953
410 230
455 1663
474 85
478 763
508 512
541 775
551 764
605 896
732 1360
1658 241
1698 1468
56 1218
57 27
394 1136
399 226
59 1514
82 470
156 1410
1117 1750
1730 378
85 1021
185 1347
382 1556
418 1058
902 1477
1060 1673
1161 583
1256 1077
1356 1104
1561 887
1581 468
1760 1457
90 1621
100 1126
354 836
1089 482
1203 488
1360 55
64 389
917 1359
977 771
1006 221
1110 1761
1142 549
1166 1437
1179 1169
1194 1382
1295 40
1335 535
1344 724
1442 1700
1753 1476
1772 1179
65 202
1063 1725
66 1430
814 1056
830 984
859 1122
1000 983
1058 1415
1226 271
1267 325
1307 988
1422 1239
1686 1010
68 1246
910 946
948 1639
1017 654
1230 770
1480 594
70 548
71 893
1357 1508
87 193
93 195
96 1005
115 955
136 992
283 555
304 1125
308 914
313 1654
373 1381
375 610
383 784
386 863
388 192
390 270
393 521
400 15
409 129
523 1560
1484 1075
1485 989
1487 1134
1488 941
1491 1650
1562 1661
1563 109
1566 821
1567 824
1568 1613
1569 1736
1576 1338
1580 1399
1582 1404
1583 1754
1585 838
868 28
905 902
916 1279
951 122
1126 1158
1718 837
75 332
1021 1043
80 1573
86 559
1579 188
104 1300
425 32
103 1503
123 698
405 1394
1565 637
1573 391
84 409
1486 434
148 935
133 713
140 252
155 1763
182 1219
202 822
429 71
493 1168
92 945
94 1470
873 164
995 267
1069 609
1304 568
1317 580
1342 1762
1438 1742
1738 1054
1757 1551
1771 1432
95 1129
985 1319
1199 287
774 377
1176 670
1352 388
1365 726
1429 608
1717 1028
1719 1050
1751 500
99 717
107 492
161 961
177 297
862 1272
1501 638
311 1267
1574 1618
106 1062
212 1233
213 773
223 1770
267 1363
1174 1273
1297 1316
1310 692
1340 118
1517 1253
1519 232
1522 431
1524 1352
1560 1254
108 823
271 897
777 962
837 1538
846 1018
1044 602
1337 1730
1675 1727
1682 1140
445 706
803 1434
813 76
861 631
911 560
1011 708
1699 59
227 156
1105 1177
1493 208
1499 234
131 817
132 991
143 1589
144 443
145 186
153 589
157 296
163 131
166 414
178 1350
183 277
184 1681
188 79
192 345
193 566
203 120
758 1638
159 1626
176 1627
208 37
1494 1429
129 1078
1115 1557
118 929
119 1732
120 522
181 628
250 1706
137 471
903 1425
1495 1079
1498 921
1705 1174
127 985
232 1454
1521 525
314 932
342 1524
350 611
351 135
356 1484
357 351
366 1547
790 934
1366 260
1502 1571
1547 507
1556 306
1557 315
194 578
134 997
135 1308
1497 1427
1500 627
540 1213
850 1497
907 1314
1028 1567
1143 224
1689 1181
139 707
141 1756
142 91
225 1008
273 1081
818 432
967 830
970 1390
983 310
1036 1563
1074 813
1100 776
1121 1380
1171 20
1514 1693
147 1141
286 34
305 1217
322 674
1406 1364
1541 1090
150 1173
152 1044
154 1295
1343 1550
1503 778
158 1414
174 1
160 39
896 767
1106 340
1702 348
169 107
1010 664
1078 51
1513 1391
915 1320
963 1290
173 889
175 735
346 207
1338 1288
1742 856
1504 913
1507 697
488 1121
697 265
723 152
734 70
776 661
815 490
884 1575
954 446
1510 1243
1758 1480
180 944
1288 142
1722 1011
852 596
1505 1256
1531 1622
187 110
189 309
190 14
1141 35
197 246
975 483
195 1748
196 1578
198 88
200 1389
237 942
505 501
1595 1532
819 25
891 1202
1098 519
1313 322
1724 1729
209 782
365 330
832 990
1178 1384
1066 385
206 695
207 347
1509 1643
1744 445
994 1765
1029 1259
1033 1103
1198 1198
1236 1629
1258 1329
210 462
527 1541
671 1027
701 1088
741 1570
1671 569
1683 948
239 1153
1523 751
1512 227
1518 1087
989 1306
1727 615
218 1377
417 807
675 727
864 1372
880 1013
1743 1185
221 1442
222 1109
494 463
704 46
1038 943
1695 573
532 846
1516 801
1612 950
228 1150
229 1413
1515 58
230 65
254 520
497 94
1439 761
1586 119
1673 1265
233 1752
234 867
968 1641
1083 1197
1148 49
1526 179
1735 1525
1741 384
264 295
317 798
666 9
769 915
246 1637
261 1676
242 250
247 552
538 760
598 41
690 779
244 247
245 809
795 249
1520 1576
248 1020
249 63
265 328
1334 1436
1347 184
251 1274
618 746
453 485
482 937
502 304
574 115
654 189
743 884
1606 1003
256 892
258 908
262 400
263 612
266 1584
268 1766
270 957
269 1072
661 1322
716 1065
272 1147
739 875
747 907
796 239
1674 605
276 1562
277 370
278 1537
460 1344
464 1403
550 531
1527 191
1613 1200
1618 1093
280 236
282 1744
1205 1418
1246 815
1535 1270
1694 100
284 1445
285 1354
1534 438
1532 712
290 976
301 183
291 301
292 561
293 1528
294 547
299 1171
318 1511
1543 982
297 752
298 1605
300 69
1539 288
1542 755
302 930
1536 1234
475 169
580 204
708 1305
1633 31
1643 1680
1646 38
1651 1516
1652 986
309 1346
324 1040
1598 998
319 1549
321 1120
340 832
323 147
336 1053
326 1102
327 272
329 194
1016 140
332 951
338 1032
1549 210
1550 1554
1554 1167
559 1193
632 1735
824 1312
828 1261
853 1610
1351 625
1555 276
339 258
487 1696
520 205
528 1542
546 1378
577 187
588 753
592 133
1591 995
344 1695
345 379
1346 545
1404 1155
1558 740
347 447
352 949
353 1249
355 975
728 1345
1164 452
1169 1095
1681 52
1712 777
359 582
360 1439
361 1603
1759 336
364 312
495 444
709 804
775 797
1711 1507
1710 396
1770 4
368 546
369 1325
371 1282
372 994
1691 1148
1095 1599
1564 1170
376 947
458 1682
1578 538
1587 1506
377 1594
378 1669
381 1206
384 968
385 652
607 398
1589 1771
1637 374
389 588
398 1630
1577 1355
395 381
397 92
451 1466
1096 1677
1254 864
1424 742
401 343
419 354
423 737
403 527
1575 1334
447 648
450 574
456 139
507 1728
1596 843
406 18
501 167
469 598
465 1569
413 170
414 303
500 1764
416 1082
1584 794
1614 1459
440 21
420 963
421 916
1600 86
422 1376
476 1033
1590 581
424 854
426 1241
427 1214
459 162
430 1498
457 818
481 1707
484 1710
504 1702
433 1501
1592 1731
434 1116
435 1387
1588 1553
436 689
437 196
439 289
1619 977
442 1226
443 1435
1593 433
446 1263
448 1231
461 1070
490 1318
491 743
492 553
1594 1311
452 1315
555 149
1602 509
1611 19
1615 1582
472 1745
498 643
462 987
643 1252
869 458
1626 90
466 240
1597 211
483 467
1608 1307
1621 1069
468 683
1599 723
517 791
470 114
1603 473
621 1373
640 1237
473 971
512 623
1604 1293
477 1491
1601 768
479 1513
480 1296
486 420
1605 278
1678 1006
489 215
1607 1175
545 1160
572 1701
578 93
1631 938
499 1225
503 1597
506 604
1610 1675
1609 1037
509 1163
510 1271
511 373
513 1162
514 1708
543 859
515 290
516 675
1617 78
518 750
519 703
521 266
522 1704
1622 860
1623 450
524 1778
525 1183
526 1723
568 1665
587 231
1616 1647
569 364
529 1223
530 1192
533 305
534 858
536 796
591 1277
606 1143
660 1291
714 1709
539 1227
1624 335
595 701
1628 993
1632 352
542 1724
1642 786
544 1401
1620 1495
547 1657
548 1773
549 302
1634 980
1635 466
552 1688
553 307
554 480
556 1502
557 790
558 655
644 1499
615 1623
622 745
1629 1705
561 1733
562 1119
563 972
564 1098
576 960
566 259
1625 1611
570 1292
571 1203
573 1405
579 1720
581 1400
582 324
1630 1339
583 680
584 141
586 319
589 96
590 1080
1645 1734
593 1242
608 1215
596 1245
597 1431
599 999
600 441
601 168
602 1586
603 387
604 600
652 1737
626 620
1636 840
609 1568
610 1144
611 1182
612 564
613 765
663 601
1655 734
1664 841
647 556
616 1472
617 1555
619 1199
710 510
624 298
625 1668
627 1045
1639 219
1640 43
628 575
629 1007
630 814
631 748
633 758
1644 1634
634 781
635 1402
636 148
677 1572
637 747
638 1419
639 1398
1653 1178
1647 455
642 1117
645 220
646 1240
653 700
648 671
649 1281
650 524
656 1747
651 1030
680 795
692 1210
1648 1651
655 571
657 1184
715 1101
1649 1743
658 1712
1650 1130
659 711
684 965
695 1026
1656 632
662 1161
673 1585
699 1674
1659 1216
1665 479
664 1595
1657 75
665 729
786 1224
667 22
1654 1496
668 772
669 171
1660 1113
670 255
672 788
793 1545
696 811
674 403
676 1055
678 390
679 1684
681 1474
1661 1642
1663 1598
682 1191
1662 399
683 874
694 1604
730 1323
686 439
687 461
688 1369
689 440
691 812
1666 150
693 551
783 565
1667 1327
745 542
1670 136
1668 116
1669 959
698 925
759 3
771 449
702 23
703 165
726 649
705 317
706 733
707 1697
711 567
712 233
713 693
805 1353
717 1128
1684 1533
1685 719
718 174
719 362
1672 1523
720 1494
721 137
722 931
724 24
725 572
753 669
764 792
1119 1510
1147 321
1690 121
894 337
1700 283
729 1608
731 927
733 710
735 645
1676 342
736 1646
737 1395
738 173
826 639
855 1100
858 716
1701 1196
1707 808
778 731
881 939
1065 1692
744 1343
746 1483
748 850
749 1123
750 425
1003 180
1693 1517
754 1278
755 1588
1679 704
756 426
1677 905
757 805
760 1757
761 1518
842 1186
763 691
782 102
765 1465
1680 1463
767 1648
848 1257
1014 1530
1706 1535
772 42
773 802
1688 958
1687 1412
901 292
780 1264
781 1023
785 1593
1692 673
787 658
788 920
1703 633
900 899
791 126
794 218
797 618
798 970
799 1367
800 1448
801 591
802 550
806 682
1132 684
808 668
1697 209
811 725
1696 969
812 344
827 356
816 793
840 235
817 1587
820 1606
821 375
822 1716
823 251
1704 876
829 1340
1206 1475
1720 1775
831 534
833 557
834 1294
835 182
1716 699
838 762
839 1520
841 1590
843 890
845 1285
847 1579
849 906
851 918
854 1534
856 477
860 1488
857 82
865 1601
866 487
1087 1602
1170 1222
1726 166
1708 911
870 316
871 537
872 1337
874 1299
875 1135
876 871
877 457
1715 599
879 1244
882 1698
883 722
885 579
886 496
887 177
888 888
890 1127
892 1212
1399 1335
1418 966
895 1156
898 454
899 1751
906 511
918 1713
1042 48
1268 30
958 243
973 435
1037 448
1107 1014
912 1205
913 1615
1113 1176
919 1051
1035 514
929 1527
923 291
924 68
925 1433
926 13
927 741
928 1655
930 1633
931 924
932 1000
1082 1313
933 1251
934 1341
935 1386
936 1250
937 1042
939 1718
940 1479
943 386
945 282
946 659
947 1505
949 423
950 1686
953 163
1244 1089
956 1548
1775 554
959 590
960 1774
962 1531
964 161
966 1105
1026 323
1133 1741
971 1283
974 909
976 1596
978 1317
979 660
981 1358
982 397
987 1721
990 1768
991 1297
992 869
993 254
997 223
998 877
1092 954
1750 1015
1182 757
1002 844
1005 113
1008 318
1009 878
1209 1247
1013 371
1740 1659
1019 1060
1020 393
1023 1679
1725 1324
1025 718
1027 607
1030 197
1031 563
1032 1321
1034 1255
1039 45
1040 1332
1729 333
1045 127
1049 1416
1292 1326
1315 1690
1052 1397
1053 175
1054 1671
1059 459
1064 1276
1068 730
1739 656
1071 865
1072 145
1073 1607
1075 357
1076 1577
1077 677
1079 159
1081 1304
1084 1061
1086 595
1732 1388
1088 299
1090 108
1091 502
1093 376
1094 744
1227 478
1097 1034
1101 1558
1102 780
1104 158
1108 1047
1109 1049
1733 803
1116 57
1122 1512
1123 1393
1124 585
1125 630
1127 394
1129 143
1130 1149
1131 294
1134 1581
1135 1544
1136 885
1137 1342
1138 369
1139 1452
1140 1357
1144 540
1146 1194
1458 1091
1761 338
1149 84
1150 181
1151 644
1152 1330
1153 155
1156 1522
1157 97
1158 1649
1159 852
1160 518
1163 407
1165 1309
1168 1772
1175 1438
1177 1110
1181 928
1183 1208
1184 1666
1185 237
1186 1107
1187 1029
1188 81
1189 1025
1191 144
1192 1209
1193 1760
1196 506
1200 103
1201 1280
1202 1289
1204 486
1755 1349
1208 650
1210 7
1211 281
1212 1019
1213 199
1214 355
1215 200
1217 280
1218 978
1219 1118
1220 833
1222 1753
1223 910
1224 1426
1225 754
1228 827
1229 1478
1231 570
1233 1529
1234 395
1235 497
1237 1298
1238 819
1239 1232
1240 216
1241 1002
1243 326
1245 261
1249 372
1250 845
1251 898
1253 1035
1255 736
1257 1446
1259 367
1260 749
1262 1301
1746 146
1765 516
1766 714
1263 1447
1264 404
1265 1422
1266 229
1269 44
1270 1411
1271 1260
1272 269
1273 872
1274 222
1277 868
1278 1658
1279 320
1280 1653
1281 1694
1282 64
1283 484
1284 1617
1286 1145
1287 1099
1289 662
1290 469
1291 190
1294 783
1296 151
1299 800
1300 1009
1302 1238
1303 1166
1305 903
1306 77
1308 1678
1309 383
1312 117
1314 621
1754 826
1316 1351
1320 6
1321 1059
1322 964
1323 1566
1326 855
1327 541
1328 1583
1329 225
1330 806
1332 629
1333 1565
1336 558
1339 1591
1341 1441
1345 681
1348 1012
1349 1749
1353 160
1354 593
1355 415
1362 1469
1363 1188
1364 1409
1367 392
1372 1221
1374 1424
1376 705
1377 66
1378 98
1381 866
1382 1083
1383 895
1384 245
1421 1738
1463 242
1386 1462
1392 1333
1394 1719
1397 60
1398 886
1400 262
1777 1746
1405 1004
1407 1132
1409 624
1410 996
1411 275
1412 562
1413 616
1414 87
1416 1458
1419 311
1420 1467
1779 12
1426 1769
1427 83
1428 382
1430 489
1432 651
1434 1519
1436 363
1437 687
1440 248
1443 1687
1446 883
1448 61
1449 1361
1450 339
1451 1124
1452 238
1453 172
1455 157
1456 67
1457 1552
1778 1450
1459 715
1460 1159
1461 1635
1462 29
1780 1211
1464 1592
1465 1456
1466 587
1467 756
1468 839
1469 816
1470 1052
