1 610
53 1113
105 615
157 316
158 794
159 771
160 869
161 87
162 399
163 1186
164 431
165 727
166 1174
986 470
987 938
988 634
989 379
991 67
992 542
996 1049
999 464
1003 713
1016 1097
1017 341
1018 79
1029 381
1032 753
1033 986
1035 480
1200 417
1201 1012
1202 953
1229 750
1231 171
1236 792
1242 562
2 731
54 790
106 689
167 262
168 860
169 120
170 204
171 744
172 170
173 1237
174 151
175 729
176 791
990 993
3 958
55 649
107 1242
177 148
178 432
179 523
180 913
181 334
182 212
183 173
184 406
185 135
186 453
4 90
56 975
108 427
187 242
188 982
189 533
190 838
191 674
192 354
193 574
194 573
195 816
196 455
5 142
57 1121
109 858
197 159
198 616
199 61
200 1249
201 378
202 38
203 1127
204 997
205 244
206 1031
6 1130
58 240
110 25
207 462
208 1010
209 1164
210 1133
211 1070
212 823
213 1195
214 203
215 1163
216 598
7 452
59 1218
111 97
217 1005
218 32
219 995
220 617
221 27
222 1233
223 62
224 541
225 39
226 307
8 44
60 1232
112 686
227 355
228 202
229 1024
230 254
231 1085
232 1122
233 34
234 126
235 246
236 397
9 939
61 922
113 228
237 761
994 1221
1020 735
1024 1057
1199 784
1237 116
10 469
62 1175
114 1102
238 193
1021 569
1025 1076
1203 324
1234 774
1238 677
11 357
63 992
115 828
239 964
993 1069
1206 1140
12 411
64 257
116 188
240 581
995 127
1001 751
1212 450
13 951
65 190
117 504
241 1179
1031 1050
14 632
66 444
118 884
242 629
1022 22
1214 70
15 587
67 213
119 109
243 702
1205 342
16 367
68 1028
120 641
244 880
1023 75
17 59
69 805
121 1004
245 363
1028 789
18 564
70 268
122 274
246 1118
19 563
71 786
123 962
247 923
1219 433
20 813
72 890
124 1183
248 1094
21 253
73 996
125 1238
249 572
1027 490
1221 655
22 189
74 98
126 45
250 479
23 717
75 1224
127 83
251 970
1223 475
24 1098
76 752
128 1021
252 1194
1241 339
25 512
77 229
129 445
253 119
1225 277
26 390
78 892
130 210
254 1145
1226 1154
27 1065
79 497
131 716
255 124
28 358
80 1152
132 1155
256 117
1228 718
29 707
81 522
133 465
257 666
30 579
82 866
134 302
258 201
998 272
1211 763
1230 1078
31 671
83 853
135 746
259 903
32 846
84 1202
136 998
260 912
33 798
85 720
137 988
261 760
34 859
86 446
138 963
262 1204
1026 659
35 494
87 604
139 121
263 960
1235 1248
36 343
88 966
140 1142
264 309
37 365
89 1138
141 428
265 172
38 456
90 1134
142 758
266 699
39 374
91 21
143 101
267 1119
40 759
92 812
144 99
268 839
1240 580
41 1052
93 524
145 125
269 1173
42 978
94 156
146 3
270 815
43 327
95 539
147 43
271 259
1010 1092
44 787
96 1220
148 416
272 704
1039 1093
45 415
97 665
149 795
273 1167
46 1087
98 380
150 1131
274 258
47 1053
99 221
151 1088
275 404
1000 1177
1014 443
1030 163
1213 662
1227 318
48 1001
100 63
152 402
276 108
1216 71
49 1108
101 134
153 102
277 895
50 161
102 224
154 552
278 237
1250 269
51 622
103 14
155 593
279 656
52 1040
104 256
156 96
280 487
1094 984
1095 284
1096 391
1097 925
1098 233
1099 611
1100 836
1101 507
1102 930
1103 68
1104 364
1105 335
1106 797
1107 58
1108 48
1109 721
1110 181
1111 168
1112 1045
1113 93
1114 139
1115 952
1116 621
1117 848
1118 299
1119 565
1120 113
1121 222
1122 1215
1123 1231
1124 847
1125 401
1126 697
1127 23
1128 463
1129 226
1130 458
1131 315
1132 1034
1133 933
1134 1223
1135 107
1136 748
1137 1206
1138 772
1139 169
1140 95
1141 560
1142 474
1143 312
1144 18
1145 588
1146 1043
1147 86
1148 1007
1149 886
1150 437
1151 694
1152 1214
1153 1198
1154 520
1155 1036
1156 37
1157 827
1158 917
1159 47
1160 868
1161 1239
1162 714
1163 377
1164 854
1165 429
1166 351
1167 41
1168 904
1169 601
1170 375
1171 506
1172 176
1173 819
1174 1190
1175 530
1176 874
1177 468
1178 104
1179 425
1180 723
1181 500
1182 1211
1183 551
1184 651
1185 1044
1186 575
1187 7
1188 330
1189 1039
1190 419
1191 558
1192 158
1193 664
1194 147
1195 395
1196 776
1197 270
1198 745
1040 614
1041 264
1042 1254
1043 150
1044 344
1045 304
1046 220
1047 100
1048 660
1049 325
281 303
282 695
283 46
284 387
285 383
286 187
287 16
288 1182
289 956
1050 883
290 179
1051 829
291 1035
1052 808
292 118
1053 835
293 281
1054 1258
294 89
1055 876
295 1244
1056 52
296 603
1057 267
297 837
1058 178
298 112
1059 152
299 1003
1060 243
300 232
1061 430
301 85
1062 435
302 780
1063 164
303 422
1064 361
304 133
1065 2
305 241
1066 1141
306 1114
1067 275
307 36
1068 944
308 1247
1069 900
309 926
1070 742
310 1251
1071 820
311 215
1072 559
312 643
1073 278
313 1115
1074 889
314 779
1075 1172
315 732
1076 441
316 521
1077 449
317 72
1078 197
318 287
1079 1059
319 478
1080 670
320 658
1081 843
321 1139
1082 945
322 906
1083 110
323 15
1084 140
324 196
1085 403
325 1213
1086 690
326 865
1087 180
327 1015
1088 205
328 219
1089 1082
329 1228
1090 1063
330 340
1091 495
331 961
1092 1103
332 1235
1093 1048
333 195
334 183
335 647
336 645
337 1060
338 762
339 637
340 857
341 663
342 165
343 983
344 1226
997 831
345 927
346 1032
347 1246
348 585
349 755
1002 82
350 862
351 602
1004 942
352 924
1005 451
353 1125
1006 1143
354 511
1007 806
355 736
1008 360
356 306
357 540
358 644
1011 630
359 919
360 1243
361 911
362 1099
1015 803
363 293
364 749
365 310
366 1055
1019 410
367 929
368 115
369 297
370 777
371 1109
372 1037
373 943
374 682
375 440
376 693
377 1222
378 29
379 482
380 870
381 821
382 1111
383 807
1036 613
384 473
385 384
386 971
387 547
388 764
389 626
390 851
391 50
392 775
1204 1027
393 131
394 706
395 555
1207 28
396 832
1208 103
397 994
1209 863
398 279
1210 314
399 136
400 840
401 91
402 654
403 200
1215 56
404 864
405 393
1217 607
406 510
1218 525
407 739
408 648
1220 515
409 1124
410 878
411 230
412 561
1224 528
413 288
414 283
415 1169
416 898
417 513
418 1120
419 909
420 814
1232 766
421 295
1233 1067
422 1241
423 537
424 1135
425 618
426 1171
427 910
1239 1128
428 276
429 1095
430 321
431 499
1243 1016
432 1236
1244 141
433 679
1245 940
434 1116
1246 13
435 92
1247 245
436 684
1248 1080
437 667
1249 1255
438 965
439 642
1251 65
440 394
1252 447
441 236
447 967
442 352
448 198
443 122
449 526
444 545
450 1110
445 1161
451 594
446 247
452 1081
453 69
454 76
455 296
456 822
457 405
458 231
459 1104
460 333
461 369
462 1162
463 657
464 350
465 653
466 143
467 442
468 905
469 935
470 685
471 420
472 49
473 483
474 408
475 1193
476 436
477 216
478 1192
479 518
480 250
481 467
482 209
483 1176
484 680
485 701
486 768
487 633
488 489
489 466
490 1025
491 850
492 298
493 514
494 949
495 785
496 532
497 557
498 409
499 84
500 809
501 1083
1254 263
505 4
508 980
514 484
516 516
534 326
546 549
555 826
502 700
556 227
503 317
557 544
504 1091
558 936
559 650
506 1205
560 891
507 887
561 888
562 957
509 1042
563 1075
510 208
564 1064
511 669
565 149
512 612
566 1073
513 589
567 64
568 60
515 319
569 286
570 811
517 1189
571 668
518 834
572 872
519 1017
573 566
520 1201
574 130
521 1
575 1006
522 692
576 454
523 1181
577 584
524 386
578 609
525 8
579 1068
526 1229
580 12
527 767
581 590
528 106
582 1018
529 1200
583 73
530 74
584 897
531 536
585 678
532 17
586 531
533 137
587 882
588 1156
535 1026
589 696
536 591
590 460
537 583
591 42
538 757
592 801
539 570
593 407
540 688
594 413
541 959
595 708
542 743
596 217
543 192
597 389
544 132
598 280
545 486
599 1165
600 1148
547 825
601 1074
548 308
602 681
549 990
603 861
550 1132
604 271
551 947
605 1023
552 249
606 421
553 979
607 931
554 255
1038 471
608 1196
609 873
610 800
611 448
612 608
613 842
614 578
615 5
616 722
617 146
618 606
619 950
620 661
621 457
622 234
623 434
624 841
625 329
626 488
627 778
628 371
629 501
630 852
631 999
632 577
633 817
634 1084
635 265
636 1002
637 571
638 646
639 33
640 439
641 1144
642 921
643 893
644 251
645 934
646 6
647 1150
648 627
649 481
650 123
651 672
652 546
653 712
654 740
655 810
656 636
657 1051
658 844
659 833
660 1033
661 26
662 252
1009 31
1012 19
1013 737
1034 1137
1037 477
663 191
664 519
1253 600
665 1252
666 730
667 320
668 915
669 705
670 769
671 1257
672 619
673 597
674 756
675 77
676 80
677 476
678 503
679 1160
680 144
681 1123
682 423
683 955
684 1112
685 550
686 1071
1222 719
687 703
688 845
689 556
690 599
691 338
692 724
693 974
694 370
695 153
696 235
697 920
698 111
699 9
700 1256
701 553
702 337
703 916
704 698
705 914
706 30
707 596
708 741
709 1038
710 160
711 734
712 1149
713 1225
714 328
715 738
716 941
717 631
718 185
719 1077
720 1191
721 186
722 676
925 54
977 400
723 877
926 1210
724 388
927 987
725 66
928 382
726 968
929 1100
727 1089
930 788
728 1146
931 855
729 1019
932 166
730 885
933 954
731 1185
934 40
732 1234
935 1151
733 359
936 1159
734 802
937 765
735 292
938 754
736 799
939 1029
737 356
940 426
738 199
941 1107
739 1020
942 53
740 145
943 625
741 353
944 1096
742 620
945 635
743 301
946 1216
744 177
947 567
745 652
948 1058
746 502
949 879
747 894
950 1086
748 239
951 1072
749 624
952 492
750 932
953 1061
751 398
954 282
752 1203
955 81
753 493
956 1011
754 392
957 1009
755 535
958 856
756 1230
959 733
757 346
960 1129
758 726
961 154
759 1250
962 368
760 582
963 366
761 485
964 128
762 1022
965 10
763 640
966 1168
764 129
967 710
765 1041
968 313
766 1101
969 977
978 498
767 981
970 20
979 1147
768 418
971 773
980 896
769 472
972 568
981 946
770 1014
973 1208
982 424
974 725
771 1217
983 345
975 273
772 1227
984 639
976 376
773 548
774 715
775 1178
776 687
777 459
1256 261
778 385
779 1187
780 517
781 266
782 1153
783 1188
784 1207
785 796
786 638
787 1046
788 207
789 347
790 709
791 918
792 305
793 1245
794 291
795 1253
796 332
797 412
798 336
799 373
800 248
801 491
802 783
803 991
804 867
805 294
806 348
807 289
808 508
809 509
810 1199
811 396
812 1047
813 976
814 1090
815 972
816 881
817 162
818 57
819 182
820 691
821 505
822 623
823 1170
824 1054
825 1062
826 907
827 1158
828 206
829 928
830 529
831 1030
832 534
833 1000
834 184
835 1013
836 538
837 711
838 94
839 88
840 174
841 781
842 804
843 1106
844 989
845 300
846 527
847 1219
848 901
849 554
850 576
851 323
852 1184
853 238
854 628
855 285
856 948
857 782
858 35
859 138
860 937
861 496
862 157
863 290
864 414
865 114
866 770
867 311
868 155
869 969
870 673
871 55
872 1079
873 1180
874 322
875 438
876 331
877 824
878 683
879 1105
880 260
881 1136
882 461
1258 849
883 1117
884 899
885 1212
886 1157
887 728
888 1056
889 11
890 586
891 595
892 349
893 592
894 985
895 1008
896 1240
897 605
898 24
899 875
900 1126
901 214
902 830
903 871
904 1066
905 362
906 167
907 51
908 105
909 1197
910 973
911 902
912 372
913 1166
914 543
915 223
916 78
917 675
918 194
919 175
920 1209
921 225
922 211
923 908
924 818
985 218
1257 747
1255 793
