982 1153
143 993
914 348
523 266
1255 328
69 341
1112 1170
982 266
750 44
1107 952
126 187
228 595
613 1033
663 626
164 780
489 410
213 109
519 35
1057 415
1246 526
354 1153
782 723
79 1130
338 991
834 178
657 1076
906 777
400 1146
131 715
1119 478
680 806
263 944
701 451
400 485
1127 459
1050 1052
915 687
734 300
1095 1199
467 789
986 563
849 103
633 569
931 255
1176 163
75 114
1193 659
171 235
785 22
76 79
381 712
695 1020
1175 469
727 266
936 4
69 272
159 715
943 508
967 1076
983 385
369 751
1116 789
288 901
489 272
785 806
732 420
713 778
218 763
915 1170
526 464
400 129
235 508
730 1212
1176 381
1176 19
914 1207
160 623
127 846
410 893
1199 562
402 997
325 1094
59 59
894 285
935 1143
518 735
405 1057
84 341
385 304
35 391
54 676
62 517
495 340
703 1047
257 188
1176 1137
915 505
209 986
785 477
768 659
90 754
600 730
1081 1143
984 268
918 918
526 127
370 294
532 31
798 720
466 163
350 942
467 477
1109 909
1126 324
116 343
624 782
355 1187
1071 1170
1005 1153
350 986
328 907
532 1076
49 143
120 1178
1254 303
399 1153
209 381
61 970
1102 461
269 161
867 691
1025 806
261 291
274 492
1192 1137
84 613
680 67
69 831
633 31
373 1141
635 620
1078 138
452 1107
1025 79
1188 505
202 1188
1237 385
69 314
303 1146
594 341
596 505
281 1153
25 1056
76 1221
250 19
467 490
420 410
320 461
542 722
659 859
853 671
1195 1178
261 509
153 294
1087 380
734 461
941 673
536 820
173 246
219 55
221 1053
633 630
653 569
735 978
832 459
314 279
11 48
84 272
662 503
792 1053
731 461
949 381
594 75
453 266
1081 986
1041 1180
256 96
1218 1107
427 754
453 715
1110 19
822 163
76 986
809 272
261 673
49 735
785 630
349 324
167 401
529 1198
553 1209
686 431
105 23
850 986
409 1097
49 163
25 1130
1195 715
704 787
298 751
452 461
467 19
752 1098
986 759
705 1030
1258 841
333 31
151 459
244 385
235 509
1176 341
49 806
1025 410
533 687
405 410
69 451
984 892
464 409
576 819
869 715
633 82
480 1098
794 687
153 1188
1162 613
619 1178
466 314
110 906
405 1137
724 1047
84 490
1257 459
1257 928
768 1097
695 624
289 691
1254 608
432 266
28 619
350 31
594 1069
769 691
75 59
414 175
36 332
49 19
518 483
369 314
695 199
153 505
944 646
320 294
416 461
333 1137
1085 459
753 494
1163 385
576 391
84 1057
557 613
698 691
1110 569
49 75
557 1076
212 126
301 323
962 729
209 659
153 509
555 687
974 114
1237 266
690 636
792 44
1176 360
533 266
729 355
70 632
984 790
369 1137
813 890
432 517
1183 461
1176 1057
1133 1188
850 464
1153 325
1067 111
749 561
763 80
250 613
172 72
1162 751
333 79
209 1057
532 360
984 752
504 461
527 214
1110 1069
687 687
381 1052
34 44
1093 787
978 818
294 691
519 918
986 161
372 324
1242 765
1246 1153
334 1188
107 125
77 505
350 569
473 768
261 1170
142 1029
1085 517
350 1143
84 1049
117 1247
1057 627
415 665
781 1240
70 654
220 1163
108 1001
996 871
1162 822
416 1210
1186 715
1257 529
408 1143
1245 1245
926 336
1225 691
659 943
231 1069
599 396
646 678
235 1207
986 253
467 1049
603 796
972 245
1176 1069
504 567
350 272
34 385
466 127
71 300
730 1187
555 379
206 284
599 1047
471 255
540 393
420 1057
453 193
230 305
1139 414
657 410
1173 1052
452 452
1192 314
151 307
173 385
442 75
198 272
159 142
951 1008
1005 385
978 156
420 341
161 166
557 272
789 415
462 1153
267 603
1110 751
467 942
1062 1062
1091 344
297 513
850 1069
785 1069
483 490
198 67
241 901
379 842
464 632
703 294
986 367
526 360
231 1137
508 580
198 789
986 1191
657 831
809 477
508 508
341 798
935 569
575 455
562 321
470 939
465 135
725 1217
674 1188
268 274
649 1242
657 1137
528 238
209 82
1021 913
1048 1235
753 809
467 410
1150 413
1099 323
400 502
695 398
685 789
747 391
663 687
313 474
964 1035
600 476
381 55
866 461
701 1069
216 831
475 717
631 373
1069 357
822 735
813 461
1248 537
557 82
1202 461
657 993
116 978
997 117
915 1188
680 713
768 163
905 360
594 569
221 1100
1133 1130
941 55
66 1000
1049 798
875 324
850 713
680 1049
32 1187
1160 396
337 461
1021 1098
1111 162
355 1188
553 691
49 381
702 587
818 437
436 477
526 122
298 79
594 751
937 551
838 1178
1151 1234
30 57
87 1153
423 770
1169 576
892 461
418 331
75 512
914 294
533 517
986 557
528 373
695 239
657 341
1085 44
653 31
467 314
1040 1040
793 342
850 1097
658 436
29 311
97 11
1127 142
440 216
809 831
383 236
594 735
902 1211
705 1153
843 672
915 1029
125 461
984 786
1133 1153
1176 713
1038 461
830 819
634 958
532 451
913 266
341 564
867 867
470 785
1179 951
347 347
685 806
1054 793
22 579
369 296
408 1076
263 1141
480 564
1095 75
1056 58
549 690
736 709
574 687
653 451
701 127
1192 82
524 908
464 142
464 610
1077 323
695 1203
816 1178
51 104
489 942
344 702
831 1226
479 780
527 601
616 1178
680 1137
701 79
905 22
378 459
143 1143
753 365
250 1057
564 564
1103 252
687 505
135 1187
718 898
532 735
1138 365
965 182
410 809
632 461
140 740
57 269
982 517
296 789
633 613
441 6
814 443
685 127
436 993
503 162
350 381
905 477
357 992
354 1178
483 1057
693 1135
442 477
69 82
408 659
263 2
149 612
912 643
935 79
1160 24
938 448
1104 1097
532 942
685 569
787 1220
514 381
276 22
35 1166
1099 878
913 1122
519 1030
986 44
1240 952
333 381
333 22
1224 461
1038 396
1005 687
442 751
701 735
197 627
491 774
825 180
552 639
442 381
250 1069
298 360
724 881
1164 459
636 861
355 715
608 650
263 820
454 1181
935 993
974 266
1010 459
111 294
480 671
1049 142
1162 806
503 770
1057 512
489 79
467 659
522 461
785 1049
1162 127
1252 459
538 595
125 159
1097 1130
263 889
713 862
254 44
785 19
1025 19
753 411
1171 289
1114 511
320 1187
784 206
1163 1119
792 343
1252 505
557 1057
578 888
38 385
287 289
771 1187
815 978
794 1188
427 1157
369 789
466 79
207 719
383 195
630 1191
427 461
242 385
1148 825
338 770
44 53
263 1059
204 385
600 144
1237 1153
617 266
241 1125
1081 75
785 272
653 1076
1029 93
1193 735
633 1069
625 848
433 739
9 396
1104 806
478 929
350 713
935 1049
384 691
935 19
1193 451
654 1188
870 972
1166 1034
744 62
1174 610
148 385
392 157
436 314
545 1062
789 707
442 735
476 461
986 327
674 687
289 889
526 1143
732 35
113 210
653 1069
1049 983
333 986
607 393
730 459
76 1137
823 1130
1149 294
795 1147
408 905
1010 1130
1160 770
374 461
67 90
1233 452
798 223
1081 127
405 993
244 666
932 35
420 464
718 358
1030 520
1232 686
653 1137
806 511
1233 715
405 1076
263 304
354 880
537 35
915 517
767 275
1193 360
1097 452
400 1230
518 31
556 461
1246 538
172 365
532 410
809 1049
83 523
24 848
859 446
80 1047
409 298
480 390
552 166
824 417
152 112
649 958
1257 385
941 238
786 563
685 1076
750 958
620 576
99 461
858 87
166 797
586 324
600 153
450 579
974 505
698 461
1057 1065
935 735
1258 281
769 1046
809 1069
347 691
408 630
653 789
675 748
369 451
409 471
338 782
768 381
729 1188
600 1071
213 605
287 408
857 764
489 751
1047 691
526 451
850 314
116 717
1000 284
750 610
289 289
905 630
236 480
490 978
124 1065
949 751
854 151
1257 114
701 1057
111 1188
822 831
984 190
518 341
1111 680
84 630
1031 201
653 272
594 831
78 107
1240 324
863 756
514 272
807 499
455 385
652 238
1024 517
349 168
600 423
753 452
594 451
30 1047
785 613
1110 381
1232 461
1035 184
1176 806
422 1104
695 301
1046 1258
254 1178
1078 294
532 163
138 391
514 613
730 1178
508 691
61 142
524 1052
406 715
869 610
143 942
1252 348
333 751
986 512
1031 1188
379 958
1075 208
600 845
621 45
261 1199
1236 976
49 986
916 461
80 505
420 163
638 505
204 1178
1193 79
387 186
734 1170
296 1049
436 79
77 266
594 272
341 632
261 989
633 272
231 477
483 713
291 691
685 67
1133 715
743 945
949 806
9 461
984 922
774 469
261 385
618 348
553 162
404 1015
905 713
518 993
354 1188
143 360
111 770
212 715
1025 381
76 1057
442 341
637 715
594 79
518 464
370 937
905 1097
974 770
633 360
849 461
49 31
1222 618
263 150
483 79
1025 67
557 1049
600 599
337 1090
195 466
1049 661
1110 942
1071 461
986 859
526 22
863 994
736 405
864 88
229 445
320 867
431 1153
896 418
144 1170
271 947
30 770
744 1178
962 563
1179 281
566 1201
1077 628
753 161
513 630
333 735
400 177
416 787
19 186
420 31
1052 908
750 142
839 658
475 787
680 986
203 266
483 314
480 142
400 676
31 323
969 818
298 477
77 461
389 132
949 127
327 327
38 142
250 569
579 461
333 490
759 812
730 1046
916 162
596 182
1058 652
838 385
296 713
97 461
464 434
994 385
69 986
1025 75
312 102
1174 1187
272 174
67 452
982 715
1073 589
297 867
727 1005
333 659
350 1097
21 225
795 461
310 248
143 806
809 67
143 659
850 1143
1159 181
949 1069
695 932
408 1057
558 378
1170 263
156 461
209 31
841 668
1163 1178
431 1178
61 517
298 381
405 314
685 713
1174 385
992 461
303 877
657 1097
557 477
783 505
333 464
695 353
235 517
860 266
1160 918
250 993
769 687
304 1145
483 82
262 1187
1195 517
162 505
857 352
84 381
420 831
77 781
521 294
967 31
768 19
1187 220
790 899
143 490
27 1178
1076 951
789 881
406 397
310 442
986 958
660 895
519 461
80 1008
405 751
991 792
850 751
710 129
267 778
1122 517
731 790
487 1040
231 630
785 341
69 381
1254 970
1079 233
246 1187
980 660
785 381
1217 1105
76 831
905 314
79 610
1027 775
1233 1178
235 294
914 1153
856 535
198 477
420 360
962 214
160 114
633 659
298 831
220 363
265 1018
198 314
116 411
929 935
905 82
695 894
91 538
1251 143
216 464
436 1097
263 835
759 211
600 235
381 456
320 1030
720 223
698 673
408 75
816 385
1252 35
1025 831
262 459
464 512
707 707
1123 691
753 90
406 958
298 1137
369 272
261 505
752 1021
85 755
818 953
1079 987
746 671
220 246
341 1087
350 659
49 360
1176 630
828 592
16 647
644 1219
986 951
773 588
785 1057
1071 881
640 55
1121 461
1257 867
235 1153
658 290
106 944
1050 1083
518 272
753 185
144 881
405 613
84 942
685 75
120 1187
1081 381
143 735
20 981
562 367
877 1030
480 415
1037 408
792 358
1115 935
763 638
1049 1130
905 1137
240 1056
695 799
729 459
1025 1057
547 466
504 951
771 459
574 1187
585 832
115 991
309 521
318 1053
1149 855
354 459
378 1187
266 660
423 294
341 343
519 1170
321 396
333 451
758 573
399 687
79 390
776 1031
116 365
280 486
1210 836
467 82
381 671
821 881
1085 715
705 461
409 1076
1157 827
675 324
59 805
483 451
76 942
983 50
705 867
556 285
1004 1237
1081 163
228 625
504 120
1122 385
462 1187
126 687
633 490
49 341
1081 464
1256 505
1180 776
1117 520
532 630
532 490
84 410
753 707
182 690
789 717
370 1166
116 579
185 691
915 937
542 587
296 79
573 266
996 461
1057 1052
38 459
100 108
497 1065
519 691
41 148
730 55
727 459
291 430
1240 41
938 610
984 1113
483 737
935 272
1057 563
823 1188
290 194
864 796
1154 390
992 357
939 595
1176 942
130 1
526 381
296 127
261 207
619 937
905 1057
996 253
553 505
785 1143
753 409
984 221
159 1178
436 789
1070 459
463 963
850 451
205 1015
1133 687
760 798
436 751
1025 659
261 184
633 75
381 327
916 182
1050 1065
597 1170
551 574
306 864
1252 266
298 163
338 461
30 1184
76 31
768 341
231 451
659 374
1057 859
405 490
522 707
1112 461
77 1170
634 452
781 854
1106 351
1255 667
915 35
675 330
1053 461
514 1069
689 899
333 630
768 569
424 1014
49 272
1057 798
399 203
263 1258
1257 505
518 79
998 846
1110 613
599 770
467 381
227 317
480 365
616 459
967 659
1172 779
1025 569
327 54
580 914
298 314
400 877
1193 789
657 464
1213 943
3 376
448 936
729 266
1110 806
1025 82
1139 297
49 451
913 1153
541 687
783 691
822 713
153 1170
1037 814
1030 284
562 1077
62 1187
750 35
503 1170
209 163
210 390
769 928
1218 452
188 411
787 1210
560 1088
459 344
296 82
1257 1153
638 638
143 333
76 451
984 853
369 477
262 266
1123 867
967 1137
1057 632
1134 461
1186 610
1176 1097
398 138
633 713
254 1187
1057 579
71 1123
188 1216
859 461
653 613
653 1057
1069 266
1149 505
1193 1049
1153 1153
1224 362
116 939
431 459
355 385
379 44
1046 1046
594 1161
94 391
381 1065
1024 687
903 671
436 22
956 534
320 1188
396 396
87 1188
296 272
744 687
209 464
261 396
127 950
842 891
515 550
822 79
949 993
49 464
617 517
339 1191
198 352
189 1066
703 1170
136 1069
1129 346
1178 1254
595 324
190 461
1012 452
347 52
1081 1097
682 290
480 1108
905 127
610 1113
685 360
420 477
121 977
909 248
348 1128
532 82
720 988
695 145
84 1097
450 781
409 831
49 1097
805 59
1168 95
420 75
955 505
405 19
439 882
526 82
1123 1245
274 1126
263 557
1081 410
1162 735
420 569
1127 517
261 114
143 789
1192 22
116 469
224 552
100 598
408 831
296 1069
1108 134
1122 1187
483 1076
261 459
143 1049
1257 1030
557 490
610 1117
135 687
403 196
242 266
261 347
561 1219
442 127
820 1144
1157 324
691 691
1195 266
223 324
626 1054
480 1130
598 687
580 969
967 993
557 163
1257 715
978 461
655 253
409 713
594 82
1249 266
633 942
154 726
203 385
905 410
492 697
261 976
143 477
741 987
263 883
716 1197
1218 97
318 783
609 8
888 980
1070 517
850 127
598 459
929 783
422 305
773 418
1012 958
695 1185
231 163
612 808
436 1049
216 659
400 239
1110 360
905 341
533 1178
684 162
296 163
204 731
250 713
400 292
986 343
1025 272
438 788
453 517
480 563
420 490
653 630
853 461
913 1187
466 464
823 1153
1028 367
772 416
809 464
785 314
920 534
1110 659
1059 287
984 1175
26 1196
907 747
63 461
792 367
143 713
633 789
298 1049
1025 477
1104 1049
550 412
298 1076
420 986
1163 715
443 646
482 155
170 1178
49 630
386 361
160 57
254 695
695 485
519 1153
511 347
976 505
198 127
263 430
170 385
399 1187
851 965
1114 1253
660 666
148 1188
594 993
753 415
417 44
1122 687
396 505
1193 163
296 451
61 266
1065 1065
984 649
1192 381
783 1248
209 436
1193 410
422 602
338 1170
405 1097
37 1174
518 1137
744 266
792 553
133 1245
191 314
1162 451
982 385
151 517
685 341
706 634
809 993
79 1087
1238 253
1212 324
1097 1053
116 798
231 490
67 44
69 569
333 272
196 250
794 610
49 1076
935 163
727 687
231 22
597 459
657 630
744 1187
1257 55
921 696
542 1130
724 294
298 789
160 1170
390 390
432 715
1243 1162
986 707
307 715
216 163
600 1256
338 1047
729 715
465 366
915 691
716 173
887 100
480 579
654 711
150 1194
216 789
436 381
933 101
1042 325
657 942
1122 715
431 1188
1130 461
1226 247
432 459
112 76
986 415
475 1184
483 1097
853 1166
225 324
633 986
46 1191
1104 163
127 494
409 19
202 459
38 266
716 461
519 505
483 630
1088 1100
1152 1155
417 731
1252 1030
518 67
532 79
202 1153
259 15
993 469
667 57
616 479
209 1069
705 1178
967 451
657 31
497 1197
1162 789
683 1012
49 789
290 575
1057 787
83 461
599 505
76 993
338 396
489 381
453 958
920 509
1192 942
148 715
712 1148
1162 942
839 759
862 279
1000 1056
1167 415
335 828
47 120
791 459
557 314
1192 360
828 262
151 715
60 319
320 266
822 1137
453 385
438 233
405 451
518 789
941 623
542 517
370 348
127 632
298 451
542 731
409 22
170 517
752 461
850 75
564 1126
836 25
409 341
1192 659
870 969
1110 1049
1104 381
1172 934
264 448
935 1076
597 461
549 1083
630 238
248 248
680 1192
135 1153
573 1187
1004 1072
791 266
967 477
518 1069
520 431
316 1187
202 266
136 184
202 44
616 715
480 759
562 162
705 55
467 341
337 770
220 383
986 1087
114 391
657 1069
76 1076
311 391
892 210
734 294
701 993
405 789
248 691
644 510
198 31
574 715
724 1170
974 937
596 1184
871 1215
1192 569
1257 162
38 687
62 1188
1021 167
986 409
362 324
967 569
1025 464
381 44
203 459
320 715
409 659
216 993
949 1137
341 707
594 163
27 266
429 729
526 735
597 290
453 1153
753 939
455 266
1183 282
713 978
423 505
949 831
562 596
1185 88
927 517
483 806
657 381
631 391
556 1047
943 295
730 1153
1057 374
373 691
1032 266
1192 75
792 579
785 831
1123 294
694 87
1025 713
730 517
953 610
784 715
467 464
643 1243
830 324
263 670
22 6
800 544
84 789
192 110
905 1076
775 1136
1253 718
653 1097
408 67
517 517
701 272
243 1003
557 1143
1097 632
49 831
514 82
1032 706
935 986
336 171
986 469
394 1137
809 341
876 329
753 59
987 507
216 272
1220 461
1131 38
600 955
32 385
1081 569
750 707
242 1188
838 266
397 459
210 105
984 1138
251 42
102 244
1164 385
466 67
993 578
325 839
553 976
525 955
1221 606
1110 831
918 178
39 517
1027 705
355 687
984 1232
442 1143
307 517
304 309
445 461
634 469
809 569
531 137
334 1153
822 19
350 1069
874 453
915 55
455 459
296 477
1153 505
231 1057
1155 368
1025 490
1047 1047
1062 261
765 168
660 923
65 941
341 958
442 22
27 687
763 174
769 459
489 1076
21 461
1048 191
212 517
738 1158
417 958
913 459
542 859
370 691
38 1188
1193 806
822 986
599 182
216 381
457 60
581 118
263 140
715 691
480 632
390 892
178 371
822 464
701 630
1081 942
480 327
860 1153
738 461
1012 44
102 345
518 1076
984 812
1245 1154
310 288
157 675
505 205
63 788
1010 385
618 410
350 1049
263 785
491 944
1139 1199
84 986
528 561
755 994
409 163
377 1237
432 1153
70 1160
171 579
597 114
406 1188
17 559
949 735
653 341
809 1057
850 67
274 461
1089 1013
746 242
341 846
827 262
685 659
597 687
333 613
116 787
235 385
705 1207
701 1137
1162 659
144 770
143 451
913 1178
446 461
993 452
1076 481
680 789
967 751
38 1153
557 986
633 381
1064 669
298 341
597 796
1257 35
84 1069
171 937
1104 1057
373 505
514 735
701 1076
38 1178
615 610
1222 518
15 1109
1164 1187
184 11
489 613
244 687
753 186
526 379
533 385
294 677
36 736
995 459
727 1178
475 845
986 84
406 1153
865 209
742 926
994 67
21 101
843 658
705 1187
99 455
231 1143
1024 1178
226 121
293 230
600 916
680 735
657 789
574 385
196 976
1104 630
617 1153
680 1076
240 25
777 294
925 1242
1110 75
266 691
532 1097
785 1097
924 76
420 22
264 815
304 387
669 829
1256 175
1237 459
597 505
109 461
668 834
794 1153
600 550
850 1057
22 978
350 613
239 948
1170 1063
1061 932
1112 871
935 477
483 127
1162 75
216 82
69 410
753 636
148 266
617 1187
986 579
701 806
822 942
892 105
400 1250
538 47
153 1153
250 789
1110 545
347 505
34 715
701 751
489 1057
600 619
986 1065
489 659
369 630
741 1170
120 517
568 472
616 266
189 189
126 44
1257 687
753 327
999 609
272 579
822 1143
973 500
320 1178
705 294
294 505
702 1244
751 329
1104 1076
717 362
467 31
594 1057
777 1120
791 1153
588 593
281 663
974 461
80 461
789 512
384 633
523 715
955 691
756 1046
741 1047
594 314
597 311
480 947
442 451
510 1046
577 1068
408 942
89 1188
1162 272
1252 1046
228 461
39 385
514 341
727 610
263 267
769 715
470 44
135 761
173 1178
350 79
955 770
539 43
474 402
705 1056
1197 324
822 360
623 600
1081 1057
949 477
325 201
1192 272
998 1168
325 1182
598 1153
490 682
409 806
816 687
557 751
1237 1188
257 985
84 477
533 459
250 408
680 75
526 1137
84 831
160 881
1155 358
730 1030
986 1098
653 490
822 381
735 251
1046 505
1081 341
1081 713
771 1070
701 659
483 22
428 175
391 689
390 105
657 613
789 253
713 564
231 806
339 415
489 986
476 770
14 593
1057 365
891 887
209 713
1239 744
235 505
1252 1207
405 79
235 770
657 713
61 1187
698 162
665 987
953 44
170 1153
519 1188
914 1047
616 385
724 770
616 1188
1110 410
278 893
619 505
216 22
1149 783
1008 139
626 667
1044 816
462 903
442 490
320 937
262 715
62 715
167 324
541 452
489 1137
240 426
337 691
838 90
701 1097
155 391
753 846
876 89
244 1188
753 564
207 691
657 75
334 34
984 524
1083 264
809 942
1012 1130
1097 731
1130 240
470 715
346 114
953 731
809 1137
408 751
1081 993
278 643
600 1252
408 163
634 731
1138 461
341 142
914 818
657 1143
1005 1187
832 993
1142 20
52 488
984 1134
649 765
79 310
557 831
420 630
408 1097
1098 1098
62 266
296 410
483 735
619 1047
971 1116
1081 789
420 659
768 464
553 770
220 722
768 31
198 613
674 715
442 19
822 1049
261 348
750 867
216 79
769 55
724 1046
600 914
1193 67
523 687
1010 1178
523 1085
1233 459
856 1034
526 79
984 497
595 181
339 1095
352 1170
4 532
1015 1176
219 680
1222 770
442 986
562 55
327 539
111 505
594 942
1005 1173
1121 1029
436 1143
420 806
38 1187
408 993
792 1130
685 31
298 1097
526 341
250 272
617 385
1025 341
1142 343
229 461
419 1249
116 456
69 31
1010 1153
1256 182
768 735
1088 946
758 568
296 381
116 337
935 789
562 978
1005 452
1178 505
628 468
1133 266
215 919
569 509
341 1108
1057 1047
792 396
518 381
1071 1184
400 1185
867 820
1057 59
641 24
593 622
680 490
653 806
489 1049
808 1035
49 82
1096 299
102 855
1251 644
268 1126
442 82
953 1030
1192 735
338 294
526 993
649 461
84 514
619 348
600 920
44 1232
1163 517
369 22
809 789
261 972
367 24
1039 61
263 829
809 806
1031 459
1167 1213
600 553
914 162
1011 493
1053 1100
753 1065
405 381
120 459
600 703
1192 67
895 1108
1164 715
1170 1170
537 867
1237 517
1192 464
967 490
1104 31
1193 1097
724 162
76 1049
1160 55
1112 162
1229 1141
1158 849
744 731
946 472
120 385
14 461
158 38
350 82
685 464
941 505
518 613
405 341
1038 1170
557 381
514 993
209 67
768 127
587 213
713 300
209 75
518 19
1252 1178
233 427
296 1076
557 993
523 1187
450 411
76 490
1174 1188
814 491
1047 141
1105 40
275 1114
949 31
1244 94
616 517
769 385
1052 461
266 505
436 1076
400 391
747 863
1155 973
198 381
633 735
698 881
949 659
1244 1207
337 1170
442 1137
1104 789
408 314
202 687
984 1027
307 237
333 76
420 79
462 385
974 638
379 90
160 673
480 343
138 1211
1085 1188
967 236
2 133
660 16
341 137
455 1187
789 440
427 90
75 367
541 266
84 1093
32 517
32 715
436 127
526 410
677 1053
1192 490
408 1049
442 789
730 1188
409 1137
1024 1153
1174 687
698 1170
713 90
532 22
472 824
61 1178
680 381
809 75
400 398
409 1069
526 713
13 734
49 127
540 527
1071 336
763 579
461 507
489 75
1130 1056
935 1057
779 991
614 800
342 184
691 65
1192 806
1076 1065
1144 1156
986 610
379 142
713 918
905 659
147 997
1192 1076
400 1089
777 49
598 839
753 1087
435 577
1244 983
489 1097
298 464
84 464
837 927
653 79
968 184
826 700
809 314
680 31
298 490
1125 91
775 949
1153 607
985 429
823 687
518 451
769 505
171 671
231 1097
1110 735
986 671
599 1197
369 163
1110 477
261 881
380 1087
334 687
585 1110
145 901
768 831
1225 1105
420 1069
372 551
562 939
1078 579
557 127
143 630
514 942
142 1121
116 859
986 59
244 1153
362 847
1081 247
837 638
402 424
436 75
344 34
57 403
912 846
719 412
1110 272
355 459
501 454
464 358
1081 1076
32 452
599 881
378 1178
261 88
975 90
222 716
705 1188
964 357
938 452
405 569
1252 1187
1188 1188
34 1178
231 464
296 942
163 1108
261 1207
1193 935
602 136
1010 1187
631 673
1097 439
741 55
948 425
594 490
470 142
602 174
90 90
220 172
518 1143
789 358
261 332
685 314
986 1051
1248 494
569 846
69 75
978 978
880 367
79 937
369 67
1098 752
1195 1188
45 1066
869 687
1162 477
1256 770
532 713
1199 505
892 390
518 986
242 1153
209 360
792 731
381 1098
303 185
263 742
600 556
984 444
1237 715
1120 238
1117 930
442 163
390 461
1252 294
557 464
212 1153
264 617
381 951
594 360
698 770
1012 730
696 591
680 82
680 659
1192 477
695 1234
381 759
116 563
171 452
151 385
408 735
300 1126
598 385
408 127
1049 452
730 461
759 759
1122 1178
359 781
100 699
657 490
967 75
397 715
850 82
1257 294
1242 1212
532 751
971 489
729 517
785 75
483 341
629 632
323 1190
1252 715
812 759
1192 630
1147 981
198 82
724 509
366 582
355 517
528 556
518 569
261 238
791 715
369 410
915 867
557 806
436 1057
557 79
178 837
600 80
526 942
569 707
519 55
480 1087
1192 993
1104 19
1193 803
803 33
995 452
562 90
9 1047
198 341
1025 163
296 735
87 459
1119 374
714 170
91 1153
268 564
1152 358
951 951
91 127
677 469
673 664
84 31
32 266
1221 663
63 1001
768 713
663 122
705 918
1133 517
496 78
209 806
674 702
1227 260
250 79
1110 22
657 314
283 1253
984 665
771 1178
466 272
543 324
160 783
1131 461
295 783
355 1178
1127 1178
1081 360
160 207
1192 1057
3 978
680 451
1162 986
927 184
171 1053
674 266
318 948
238 105
1163 1188
411 257
369 341
89 165
1127 1153
1077 673
10 169
216 360
701 19
634 142
600 597
630 644
597 534
1249 1178
476 162
76 341
1087 1087
69 630
409 789
835 118
173 715
526 1049
850 490
663 529
126 715
144 691
334 715
466 381
884 1240
967 381
350 410
331 855
542 90
794 385
633 1143
783 900
1245 691
1233 266
769 35
201 1251
198 1097
446 859
307 385
938 90
400 1022
594 1049
1097 707
1092 1084
1110 630
972 505
619 867
116 770
160 348
1228 701
512 461
370 1047
75 1087
444 461
263 435
739 751
160 35
436 272
209 1049
1102 1174
597 691
279 1187
967 360
61 1188
816 517
915 348
905 986
341 357
134 1108
685 272
1108 461
480 587
913 385
615 1151
1104 490
254 687
114 1209
655 186
245 1149
809 949
333 410
517 100
1252 918
997 687
526 163
333 1143
342 769
455 1178
333 831
741 461
653 127
119 512
542 452
250 942
698 182
1028 24
453 687
780 918
865 682
369 1143
605 621
852 584
298 410
173 1188
467 713
938 1178
503 517
408 569
822 630
763 136
768 360
246 1188
253 996
974 691
202 487
350 163
850 410
209 1143
111 675
1168 640
949 464
1176 410
288 291
985 324
677 976
995 1153
1142 194
116 813
533 90
1149 57
320 348
1059 481
303 66
1133 459
466 569
27 1188
379 452
350 477
309 343
698 867
791 731
562 731
816 1153
1055 285
121 674
79 731
986 785
630 373
480 610
905 831
397 266
126 459
848 83
526 1057
822 1057
204 1188
262 385
713 731
1110 993
713 1017
1237 731
949 67
400 284
432 687
188 985
125 1052
246 1178
341 671
960 494
162 162
730 687
519 114
618 937
1176 127
1160 1170
1007 794
735 591
756 867
950 1073
753 1130
655 1124
1226 775
835 434
1193 993
466 993
1252 899
231 82
997 385
369 464
450 1046
467 127
869 823
277 512
949 1049
679 1090
701 569
616 687
1176 490
878 942
161 461
323 391
750 452
296 314
117 358
850 1137
261 782
449 1150
123 389
941 937
196 1037
904 432
205 844
1024 44
686 461
263 1140
818 324
685 1049
955 1170
648 347
151 1153
984 1028
1034 758
399 1178
369 31
1057 951
905 79
1252 928
753 367
619 1153
680 127
231 272
1196 826
367 367
231 993
557 22
676 529
1166 324
705 426
399 385
993 534
701 314
741 881
261 969
397 517
263 900
735 798
261 414
741 691
1192 79
1085 266
655 1071
977 312
480 958
736 989
150 704
1057 456
409 451
464 90
405 127
230 527
256 1040
1178 691
1074 308
1160 162
1194 133
915 1207
695 1250
1252 162
1193 477
1057 390
189 98
452 11
1149 1170
1037 496
1081 314
1162 82
723 838
1081 272
519 1117
1038 382
400 1020
79 958
84 314
557 659
1136 324
970 422
245 92
480 731
209 341
657 82
685 831
230 451
296 986
634 529
461 324
701 831
69 19
788 1089
264 1133
83 362
869 1188
1183 830
231 751
298 272
705 266
769 517
423 691
1024 266
982 1188
116 512
198 735
116 494
589 835
1076 1108
499 1047
545 471
93 962
231 659
789 978
19 248
744 385
283 360
456 461
713 958
209 1097
62 459
822 410
348 691
791 385
997 1187
1081 477
1070 687
49 410
221 461
1105 953
542 798
431 610
1085 46
212 459
753 532
261 496
340 29
116 1065
34 383
532 1069
967 986
436 82
39 715
935 613
986 365
464 44
981 438
341 1098
1139 216
367 1028
908 147
1236 311
334 385
121 494
53 1020
519 266
1256 162
730 266
1009 392
307 266
594 410
75 1150
76 789
1057 411
446 78
1076 1053
320 1170
1004 461
1085 1187
381 486
701 75
673 925
423 1047
526 659
853 746
341 90
471 252
160 396
120 715
680 22
459 70
801 570
532 806
171 1130
39 1187
198 1137
975 754
442 67
470 1130
23 988
938 44
483 75
143 163
1236 659
261 638
685 1097
235 461
334 958
307 1178
184 284
769 461
1153 691
685 451
89 1110
204 266
967 1069
248 1067
423 1170
532 67
1149 976
630 1077
341 939
466 75
1071 362
935 341
948 391
828 461
1233 1188
333 1076
341 415
680 1097
637 547
509 691
1026 1172
1097 564
1121 142
579 372
866 372
1249 1187
442 464
680 831
695 346
523 958
1162 1049
466 1057
156 978
600 596
1024 1187
705 687
341 579
310 628
1241 1097
816 459
613 807
822 477
116 327
509 441
911 332
476 1047
420 653
1046 691
49 1057
989 391
1029 799
373 766
179 762
420 1076
421 979
846 1202
1012 610
151 731
298 613
198 634
1200 900
1004 875
594 659
97 1186
298 67
951 461
212 958
1081 22
489 127
635 565
556 162
1242 461
1252 1153
144 396
291 291
705 517
207 876
135 517
153 461
967 735
40 1185
354 715
1121 728
653 1049
518 410
1220 1210
1023 249
1186 687
701 360
171 90
298 569
674 1187
198 1076
1057 343
160 505
556 1170
483 569
263 52
845 691
976 940
1232 53
159 687
250 986
541 1153
1012 731
405 594
1193 630
938 939
905 569
405 75
552 161
868 204
1097 367
884 632
1070 1188
9 114
368 748
111 1046
400 353
768 1069
1162 464
1104 69
1226 1000
587 605
263 325
695 493
87 715
986 374
193 469
1104 314
1165 549
420 451
1195 172
231 360
769 1107
1216 301
338 881
76 19
667 1050
369 659
768 806
209 1076
769 918
747 284
15 518
1097 1052
313 1041
1125 296
851 298
905 31
120 687
194 324
1078 153
579 579
1163 1187
563 563
761 939
464 494
1177 1246
573 715
634 610
822 490
387 418
203 1178
829 457
1162 1057
159 385
1176 82
753 671
296 526
949 360
324 385
336 691
1130 1130
512 51
433 1112
756 461
358 358
489 1143
619 770
984 256
984 1224
49 1143
1069 146
823 309
79 1053
13 1116
730 114
38 715
753 717
87 1195
956 1060
464 1046
1143 852
305 305
594 713
633 1137
633 1097
519 348
84 993
1208 86
385 691
263 275
442 1097
216 1069
1226 1187
261 576
724 35
850 701
1096 353
562 1130
153 770
913 958
455 1153
1176 31
554 391
719 323
979 1048
111 461
405 67
633 467
701 477
949 942
748 3
785 659
1052 1052
1015 673
344 1195
1025 1143
1031 142
231 19
250 163
662 207
955 1047
600 370
1063 1228
67 142
604 675
97 452
1138 175
695 640
408 490
822 127
984 539
1135 79
77 985
92 881
171 610
600 724
709 475
350 67
701 82
541 1188
556 294
400 1234
562 452
905 806
628 1197
727 715
410 1055
600 756
461 1198
1164 1178
878 300
600 1257
333 942
432 254
1009 315
20 18
247 1158
768 79
116 951
809 82
1214 399
231 986
1142 354
594 1097
467 993
967 1097
940 679
869 1187
124 36
685 350
899 1036
298 19
1088 1127
466 1097
519 294
1127 124
1254 1179
333 127
126 385
771 385
73 74
730 162
1195 1130
823 715
816 1187
674 459
405 942
969 158
400 356
809 1076
753 1077
39 1153
518 360
725 1007
250 1097
198 464
705 529
111 1199
198 569
1113 1151
489 993
518 630
462 1188
49 1049
1235 489
528 1077
76 477
229 512
1164 760
202 517
768 1137
62 385
350 751
913 517
341 452
76 314
707 522
769 162
143 464
143 272
949 1143
163 740
514 163
1176 75
462 715
489 630
114 330
1233 1187
685 163
699 287
320 918
709 709
695 1077
657 1049
1024 385
273 886
291 505
440 1199
1162 831
76 569
397 687
657 659
382 930
1057 671
1186 266
462 687
1010 715
218 863
333 713
333 360
1051 271
701 410
619 294
399 610
913 1188
80 770
796 808
753 482
750 367
277 186
685 751
1176 67
160 867
32 459
1176 613
148 1187
953 459
986 90
915 294
261 991
994 534
87 1178
753 731
1183 813
1057 978
141 1236
519 867
464 579
200 831
633 831
1182 645
785 1076
866 579
1049 610
62 687
850 831
603 88
1030 1157
775 1158
14 954
1104 272
76 1069
527 391
730 715
993 798
379 939
569 978
556 881
1219 830
938 1130
465 461
1010 912
623 1082
261 508
440 537
598 1188
1055 283
756 294
1162 360
254 715
809 659
602 638
986 1077
431 687
387 1101
1145 390
844 1023
862 1081
381 452
1140 579
557 630
423 396
369 993
569 587
859 859
1016 499
653 1143
199 527
986 813
1160 505
308 205
1203 937
1160 461
1188 691
701 163
242 459
480 859
9 691
1257 1046
1252 687
438 745
765 802
409 569
969 391
744 1188
272 234
986 411
753 469
562 610
180 1051
447 631
298 1057
480 1053
1040 256
1055 491
751 84
198 993
469 349
929 948
441 732
261 918
552 1031
120 27
466 19
323 167
997 1178
442 942
483 751
984 890
945 546
34 517
231 31
685 942
466 1137
674 517
731 731
282 398
600 519
1251 373
31 817
982 581
143 314
327 461
658 509
753 787
1192 1049
949 986
76 198
574 1153
585 711
231 1076
753 1053
80 182
404 1053
526 477
707 902
792 469
34 687
1070 715
753 632
680 19
850 993
79 90
379 1030
1253 1253
993 385
261 711
423 214
84 713
52 1244
581 411
216 67
1122 459
554 176
657 405
212 1178
304 541
1049 978
699 456
518 1097
561 1245
686 586
32 1178
735 929
1249 517
300 391
466 31
759 461
466 1143
369 1057
261 709
563 214
518 1049
701 1049
1076 1037
1050 365
1080 1225
984 1121
786 461
61 385
44 461
24 601
795 378
1025 751
405 31
557 735
250 67
1134 456
592 324
1162 1097
989 41
1054 1054
935 82
556 396
467 613
1057 688
332 505
1072 239
587 461
456 1209
72 310
200 1207
231 381
596 1170
815 906
861 1132
862 796
155 908
1138 428
216 1076
553 1047
234 286
261 174
647 807
768 789
412 361
614 995
785 31
423 291
567 177
539 327
905 272
1092 327
1176 464
744 517
440 414
261 55
369 360
61 459
524 461
476 691
261 517
928 899
355 44
63 402
49 1137
1045 274
201 579
1218 11
204 459
170 731
250 1049
333 75
466 1069
519 1207
1092 1053
914 508
344 960
316 1178
467 22
897 536
214 113
1225 1062
657 67
1215 1155
489 1069
1207 829
306 231
949 314
1195 385
519 928
183 1025
1114 554
516 52
554 1066
475 230
557 569
1097 579
464 452
915 1030
1249 715
1195 687
305 691
369 831
1131 896
518 942
490 759
631 691
165 545
164 817
248 505
90 1157
298 1069
452 1218
432 958
489 360
1005 459
326 889
1104 82
431 715
1207 691
509 509
274 151
986 1053
600 738
710 560
574 90
822 569
75 396
209 1137
231 713
1232 586
1184 530
298 31
542 958
406 385
483 67
82 755
771 266
122 477
514 67
695 802
79 921
406 1187
633 806
556 505
381 707
519 937
1176 314
1162 31
339 1098
261 937
792 707
436 942
480 357
938 731
345 1217
550 461
108 219
143 82
1252 1188
926 1184
216 420
518 659
557 789
594 477
400 925
1186 385
631 623
514 1076
573 385
518 22
365 365
198 751
341 1144
955 830
305 277
381 415
515 648
304 5
532 341
1219 391
1098 167
1038 114
223 575
246 687
116 587
459 691
489 464
61 687
1248 1256
76 1097
561 1143
143 1069
809 1143
87 266
565 445
1099 412
657 163
703 505
1081 1137
1254 1085
1164 1130
467 360
75 1065
724 691
791 687
320 517
483 410
564 268
507 97
296 1097
949 451
1162 490
984 996
1182 545
1220 416
869 517
198 659
490 972
462 1130
156 818
684 163
467 751
949 341
1192 713
532 789
1177 207
80 691
532 272
985 93
318 724
242 715
858 728
249 1103
1028 461
905 1049
974 174
529 284
354 385
785 360
653 464
794 715
287 1055
986 632
243 852
809 735
995 1188
653 942
540 305
513 1184
1025 314
1025 31
643 905
1126 506
1112 691
451 924
148 1178
1013 917
913 715
1254 760
599 461
216 451
203 699
1097 44
341 59
480 813
526 31
958 765
258 865
499 1076
1124 713
65 642
630 265
1237 687
954 885
466 713
809 490
750 513
1117 324
1177 804
794 1187
357 357
601 523
198 360
614 964
850 806
514 19
680 1143
1110 79
1113 615
1122 387
799 989
616 1187
408 806
69 751
526 19
263 264
1193 127
521 138
154 107
175 324
1110 1143
476 1170
428 574
674 385
276 509
409 986
198 22
845 1046
1193 464
753 557
343 461
369 82
615 316
1152 461
402 1001
596 770
332 332
1081 542
408 31
378 687
552 461
354 90
25 399
209 569
691 180
703 937
597 976
204 1187
685 82
653 993
79 348
166 1019
949 79
135 958
298 753
341 1130
905 490
995 1187
593 461
143 1076
542 469
67 1130
409 630
92 381
467 75
302 453
299 1021
1072 401
1194 1098
1104 613
207 207
599 162
967 1143
717 717
503 709
246 715
1015 440
170 1188
27 1167
408 360
798 798
789 1053
32 1188
333 1069
480 1065
1104 360
789 546
1257 53
860 1188
282 463
358 973
1113 461
1110 1097
484 409
1238 871
633 477
483 477
90 975
1122 1188
334 1178
480 833
175 772
781 391
756 1013
77 1046
1192 19
436 986
1097 411
1110 341
518 477
905 751
186 928
514 1143
263 178
1104 477
595 714
822 993
569 798
1013 586
730 505
1163 266
1252 517
263 243
481 217
727 1153
1155 406
789 59
1162 381
109 744
466 82
135 385
594 986
69 806
862 88
1243 648
1035 967
103 832
822 613
967 314
381 610
521 49
189 461
519 459
603 1226
741 162
680 569
76 806
381 1130
225 158
22 632
56 200
75 390
637 206
678 17
333 1177
480 374
1252 529
670 478
250 410
78 7
405 659
967 464
774 290
1097 813
1128 910
1104 986
69 360
541 385
355 1153
526 314
860 385
350 451
302 579
805 461
59 875
812 461
48 884
209 490
647 850
1025 680
1193 490
822 22
657 79
809 127
532 314
203 1187
69 789
1188 525
409 1049
916 969
976 691
720 461
196 311
331 784
381 1053
369 613
641 461
478 157
263 945
216 735
133 924
771 687
632 632
532 1137
514 490
845 248
76 751
242 1187
1077 491
214 176
949 569
1162 410
1104 464
657 986
343 343
809 381
443 1053
971 505
210 212
915 728
700 1254
339 186
493 496
464 731
514 1137
840 266
1038 691
322 1100
963 78
216 75
685 993
1173 1139
400 799
270 462
85 709
338 1046
466 751
582 155
519 687
857 1178
973 324
988 223
528 186
944 36
1195 459
920 1153
10 1022
753 978
822 341
600 1112
756 638
948 902
1022 673
587 587
385 505
1104 1143
400 346
341 1001
828 635
1031 517
237 340
143 381
642 986
958 1212
459 459
198 1069
769 11
1081 751
1249 1194
916 211
518 713
671 853
890 1183
816 266
984 98
666 707
542 142
986 1130
1145 1114
730 385
731 899
953 90
847 302
151 266
724 114
203 687
557 1137
27 715
1257 918
372 315
584 386
753 1083
949 163
204 1153
468 242
906 114
84 360
79 44
769 867
785 451
479 189
442 369
350 1076
476 1188
492 624
900 1247
409 735
794 266
509 505
367 461
408 19
860 687
381 162
824 233
974 294
617 687
417 1252
1134 758
685 1092
955 461
666 926
915 715
209 613
185 925
232 347
84 806
250 490
320 459
61 1153
1193 381
967 127
600 77
126 266
949 613
1237 39
466 22
817 12
630 186
768 477
432 385
1223 99
241 369
1192 163
238 391
49 477
967 79
532 659
1055 905
204 715
634 90
261 1253
101 225
543 1044
77 691
198 630
508 505
556 770
263 809
298 82
497 461
514 806
881 505
751 585
343 966
307 1187
39 459
153 691
1125 207
955 867
333 789
550 881
1120 19
320 114
1249 385
761 956
190 504
185 238
116 632
845 770
769 937
590 106
557 713
354 687
263 559
1209 324
27 517
29 1171
332 164
750 1130
791 1178
216 569
683 954
325 950
1111 321
45 1011
409 477
62 1153
370 1170
153 1047
378 266
151 1178
526 806
369 75
928 1214
162 1255
75 365
350 490
320 1153
737 571
661 64
701 942
982 90
974 1046
231 613
919 739
307 687
84 1137
1025 1049
1257 1178
1025 1137
1233 385
633 1057
935 806
209 630
929 1169
709 691
1176 735
995 1178
333 1097
768 314
148 1024
298 942
338 35
198 410
75 343
604 494
69 1137
400 359
298 986
387 981
369 79
482 467
1130 426
657 751
1110 163
784 519
71 566
476 1199
170 459
1193 31
216 31
281 538
173 266
409 942
451 501
1123 918
955 1253
762 949
445 733
121 461
680 1057
713 610
1092 336
209 22
79 671
1050 759
721 109
1086 894
320 928
813 813
1103 961
753 358
1077 238
298 630
296 806
973 226
972 691
689 1159
585 1188
1076 456
381 632
1162 1143
884 204
1057 707
523 517
1012 529
174 391
319 876
792 1087
905 163
397 1188
753 785
518 831
262 731
381 142
98 189
250 341
485 969
900 33
231 1081
1104 942
991 991
665 795
1038 294
766 920
287 496
777 138
878 918
619 508
354 517
261 554
1104 451
467 163
514 630
802 804
1081 67
905 1162
350 1057
967 82
87 385
701 341
296 630
61 715
198 75
557 75
503 184
128 772
483 993
1126 565
489 490
822 659
610 461
687 662
408 451
96 461
804 429
304 258
574 517
961 633
49 22
1175 461
993 44
1112 881
1081 490
791 517
455 687
822 1069
1238 148
28 555
67 610
160 804
1193 1057
822 751
538 391
296 67
534 284
69 1097
1221 846
924 781
771 517
653 986
235 918
1209 169
838 1153
254 1188
657 127
1183 791
50 260
1133 385
370 770
487 1235
182 182
680 410
1257 586
1036 727
653 381
244 459
851 1105
916 972
594 630
98 1066
993 142
1008 351
514 789
242 1178
82 488
325 202
1104 1069
943 1193
753 958
1162 341
216 713
1070 385
1111 55
731 1159
867 505
381 731
514 569
975 427
600 503
262 1153
864 272
1164 1188
409 82
1012 142
1069 1013
949 410
228 939
436 410
526 986
935 22
984 1218
1097 958
633 751
1237 1178
680 477
633 127
261 1188
475 336
296 1057
793 1140
664 1127
532 569
1116 972
453 1188
611 858
420 713
1107 199
298 768
76 67
369 19
728 797
483 1143
459 505
1110 1057
674 1153
785 127
1081 659
953 958
685 19
157 391
906 396
984 805
1001 788
169 795
326 809
809 19
72 483
354 1187
1097 610
303 1019
480 469
634 608
774 9
1077 881
919 901
369 735
1127 1188
779 782
143 410
100 187
1193 272
302 461
518 314
494 494
428 365
369 986
1176 1076
87 687
350 231
657 360
55 1210
480 951
216 630
959 843
71 864
333 477
1025 789
938 142
573 517
246 459
148 459
682 509
1136 1214
1160 867
967 713
165 459
202 1187
25 426
648 1106
713 44
537 341
246 266
250 630
143 341
381 253
685 613
756 691
11 324
512 512
730 294
812 99
881 1080
1131 382
405 1049
972 945
1000 37
339 673
615 461
920 1170
305 505
1025 127
350 127
1174 1178
1201 243
436 451
764 1025
369 713
427 869
770 391
442 831
730 867
406 1178
27 385
997 459
381 846
785 569
597 1047
1160 114
21 374
379 610
782 391
1056 47
67 5
797 188
131 938
236 623
1031 385
1133 1204
76 22
805 1004
769 348
315 428
557 19
134 102
975 1157
1070 266
378 1188
823 459
983 1161
809 713
986 358
511 654
430 232
732 293
415 415
355 266
809 22
84 22
768 490
1193 1137
790 1159
109 587
49 659
915 1178
1049 958
1256 691
409 993
598 1187
198 79
704 196
1021 856
1192 410
594 1076
905 789
789 390
984 992
1193 1143
161 161
674 1178
1104 75
792 1001
771 610
71 1001
480 44
768 986
1247 306
1090 1090
823 1178
960 732
901 871
1110 127
403 810
185 505
254 459
809 613
489 806
466 341
25 461
695 392
333 1057
1178 1178
261 162
1176 986
490 969
1193 569
984 14
556 691
656 622
1257 1207
231 127
170 266
1104 831
467 67
83 717
967 163
436 569
338 114
838 1187
1077 248
334 266
1140 1013
433 563
69 464
785 713
586 721
986 809
768 82
38 517
100 1118
753 1191
360 577
173 1153
905 75
651 573
1057 587
148 1153
514 477
1018 1200
594 1137
69 613
1256 461
953 142
489 314
705 162
653 410
583 449
600 30
111 1170
333 806
1186 459
467 1057
660 761
118 857
6 407
1207 505
188 860
727 1187
464 958
62 404
974 138
126 1187
370 162
940 160
467 1143
1199 1199
436 659
514 659
159 1188
182 691
296 360
966 194
344 578
432 1188
1186 1153
125 908
1077 691
768 613
143 569
116 1047
984 604
1081 31
209 451
822 1110
1174 459
681 990
685 22
170 1187
1132 1063
1076 253
963 313
1081 735
949 22
1193 942
1127 715
883 661
244 1187
1082 833
1033 931
466 410
769 114
171 939
822 1097
148 517
69 127
1065 461
408 82
341 1065
406 266
905 464
232 1106
135 459
190 1008
1081 630
914 461
526 789
619 461
594 464
1209 558
796 691
374 21
579 866
895 1228
414 7
50 642
18 552
631 238
261 103
1252 461
986 939
466 451
1076 469
703 673
768 751
850 1049
705 459
592 854
600 1160
325 193
858 461
703 162
997 715
1221 798
244 266
919 291
1110 31
483 163
514 464
703 461
408 1137
1003 296
483 613
116 357
1110 314
399 266
539 461
785 735
972 972
1174 715
1212 364
296 831
316 1188
9 505
69 490
557 1097
1093 191
96 1010
250 751
619 691
405 477
939 939
594 22
1186 517
473 1236
408 713
769 1170
470 800
534 728
409 127
905 993
750 1053
428 461
996 1238
442 1076
1246 555
244 517
984 975
654 1049
741 505
1097 867
216 127
76 360
261 1245
489 209
75 1053
379 645
303 388
296 569
480 253
216 19
596 294
49 67
1162 569
396 691
986 452
303 676
1257 1170
594 381
171 348
144 505
76 630
1001 461
396 197
739 207
807 701
358 1152
348 505
1163 459
76 163
732 867
914 770
466 1049
85 405
231 735
533 1153
514 831
320 1207
901 506
311 419
30 461
845 1170
442 79
462 1178
967 630
1070 1187
920 691
374 374
446 963
216 942
246 44
614 572
729 687
796 505
219 693
1161 907
1101 322
467 272
889 1115
160 461
405 1143
967 22
417 142
261 527
918 505
341 563
648 82
779 1099
935 67
423 461
119 241
984 21
337 505
450 476
596 1047
190 951
442 1057
680 341
698 1047
1176 1143
84 75
200 94
261 373
1205 220
1081 613
466 831
120 266
1163 1130
986 564
984 380
150 629
483 19
261 1030
638 655
753 343
210 1129
514 1057
350 75
905 735
489 569
602 69
263 1172
562 44
425 533
1043 96
991 742
557 1069
341 138
142 728
442 31
408 613
753 84
617 1178
995 266
1054 495
1025 360
982 1178
432 1178
101 816
1104 341
94 592
768 410
263 808
250 806
792 114
30 162
442 1049
417 452
473 182
306 300
698 505
822 314
594 1143
436 360
733 933
489 82
46 129
1077 576
599 691
257 411
1131 1087
400 726
734 691
416 498
484 1258
320 529
557 360
1171 735
809 163
774 859
701 67
1110 451
296 1143
728 917
768 272
615 1117
809 410
769 1030
1104 993
75 563
809 614
224 161
442 410
913 687
807 1079
1252 55
1163 1153
820 1251
593 218
1071 691
206 694
884 461
533 715
320 687
914 55
687 150
1102 349
713 1001
1013 284
734 114
1109 348
432 1187
687 691
453 459
89 711
263 1254
87 1187
813 830
724 461
84 751
1004 59
1108 855
69 967
1137 844
949 490
634 1130
1060 514
986 189
180 865
1104 1137
850 569
1062 1103
81 1203
908 324
542 637
261 290
1174 266
859 78
756 1170
533 1179
1235 870
1010 517
898 412
809 31
378 1153
838 1188
296 19
693 396
365 175
920 770
381 693
967 831
1221 978
489 477
43 461
1097 35
850 272
160 1100
322 233
1069 411
49 713
1108 1108
992 828
1104 751
76 82
1199 449
1163 687
369 806
262 687
1242 958
958 958
420 19
489 67
420 613
901 391
49 490
96 470
465 902
591 441
653 735
1187 56
464 357
76 410
84 1076
619 459
695 652
824 166
705 505
505 447
597 517
207 505
177 1184
573 687
263 449
333 67
809 751
420 735
819 173
39 895
408 381
204 687
986 456
1140 266
175 419
1252 385
480 978
1184 391
1076 759
1249 459
261 289
1249 1153
631 505
184 827
1193 75
957 1042
453 1187
143 75
920 461
541 459
320 505
1057 1109
542 610
644 1245
953 851
344 62
1071 505
240 1130
967 942
1162 22
27 452
769 1187
1192 1143
394 505
785 986
660 1119
476 867
806 999
857 928
292 1106
272 638
349 377
198 451
1102 469
88 391
480 707
64 484
768 1143
1249 142
408 22
951 190
231 789
9 294
204 1233
935 490
32 1153
470 958
125 273
837 69
170 715
436 67
400 493
101 374
1154 338
907 1048
938 928
526 831
658 115
1052 524
816 715
778 130
916 691
159 517
518 163
514 360
967 272
79 939
562 1165
445 512
422 527
600 1123
860 1187
1057 846
764 1170
653 163
686 53
151 1187
127 579
1174 517
1065 1197
571 897
787 787
532 993
598 715
755 1207
998 982
135 266
1104 67
519 517
153 162
632 1240
1090 13
1162 67
790 461
235 1170
84 735
1100 968
150 842
128 485
956 385
99 211
84 569
850 789
277 599
442 630
198 490
680 613
1192 986
221 1088
614 1173
296 31
254 266
187 183
865 972
449 521
1097 357
905 67
371 1006
397 1187
98 45
475 12
1151 721
1220 787
334 459
1118 112
27 459
261 305
947 495
420 751
563 461
1197 723
758 1209
768 942
701 464
923 563
928 284
937 391
935 1069
111 414
400 932
436 490
984 156
1104 22
974 372
556 105
1175 349
277 248
750 370
263 441
594 31
405 82
407 688
1097 1108
246 1153
143 831
529 1212
619 1207
976 670
1025 1069
1241 991
986 186
937 223
915 385
420 1097
657 1057
790 689
208 883
235 1047
711 349
462 266
671 461
39 452
170 687
246 517
632 444
467 569
174 1008
213 587
701 789
1162 1137
1024 303
562 415
362 874
122 1054
604 461
77 1047
250 360
736 200
915 1187
533 1187
216 1097
997 266
858 142
160 311
84 79
734 505
378 119
785 942
569 934
316 459
476 1240
365 1138
420 272
685 1143
455 517
916 505
641 1086
247 614
1020 1219
522 465
1175 1102
1160 1047
557 850
378 715
562 185
1110 67
633 451
263 344
600 320
850 22
127 411
444 632
116 846
881 691
336 2
619 162
564 461
9 194
162 691
400 582
1188 883
792 452
92 673
464 707
768 1049
977 1101
14 622
750 358
1125 804
804 391
120 1188
235 223
850 735
49 1069
518 75
573 459
1162 713
261 138
949 630
445 51
671 671
143 1097
436 163
550 1170
869 385
911 576
1202 543
288 806
150 1233
482 1090
183 1111
1038 348
1010 1188
771 1188
203 715
915 162
753 44
890 830
253 253
159 266
1228 1222
967 341
922 228
1024 459
296 1137
477 26
159 1187
695 620
1012 687
557 942
526 1069
1198 1186
653 75
1193 314
219 162
1097 939
470 90
1081 1049
198 806
503 461
598 517
1176 993
455 1094
1005 1178
724 902
116 390
1159 359
341 1053
210 461
715 715
353 554
911 1124
296 464
476 1046
1057 367
753 1001
705 385
935 464
431 598
401 746
364 1102
1207 433
489 789
462 517
638 691
216 1049
1152 973
521 749
9 1170
491 491
237 161
574 1178
173 1187
795 415
677 916
823 266
325 237
261 538
768 993
753 512
228 727
105 425
703 770
171 185
949 82
592 1045
1057 813
774 509
1186 1188
1025 451
1112 972
680 314
400 640
749 143
444 884
1208 1014
27 1153
574 363
796 796
733 1230
769 266
619 206
144 875
633 410
254 1153
690 1213
232 585
606 149
879 502
263 532
893 460
428 773
984 966
77 867
1031 1178
250 831
557 31
49 613
850 1076
672 280
855 1146
264 487
705 348
683 233
341 787
915 461
116 374
685 477
935 942
203 517
850 613
789 1098
333 993
597 385
225 95
657 569
1212 37
879 1231
890 461
746 10
567 222
36 576
511 1106
198 942
1057 939
769 1153
991 505
745 1010
209 410
379 459
393 174
203 1130
935 831
132 140
34 1187
111 691
409 75
600 337
212 1187
1197 463
224 166
409 67
865 969
436 685
915 114
705 1170
644 333
1070 1178
541 517
1025 1097
399 517
19 1002
171 909
376 437
869 266
845 505
483 789
1092 1184
920 508
713 1130
455 715
914 972
742 439
69 942
220 404
910 508
369 569
1213 467
1180 233
974 1170
1110 1137
986 1001
67 958
1024 715
1162 1069
411 985
980 557
3 818
69 735
363 59
1177 1053
1006 692
785 1137
1156 1026
680 272
869 1153
378 517
256 40
605 904
984 213
369 1097
333 19
935 657
917 860
231 314
905 613
342 587
1102 1096
1253 435
276 290
976 976
1085 1153
1057 357
476 505
850 630
229 51
489 735
143 613
920 290
1032 198
262 1178
350 464
116 358
242 517
143 127
1249 687
903 215
795 987
850 19
75 358
769 1207
935 713
1176 451
400 1203
705 691
984 63
410 1026
785 82
338 973
381 939
406 687
116 367
467 630
701 613
638 835
43 61
488 566
409 464
734 788
984 229
261 1090
250 1137
986 787
79 452
1252 937
95 1131
24 324
212 266
586 1239
1254 1070
240 461
1137 186
489 831
563 786
1070 1153
982 1187
483 381
1184 51
494 604
974 867
693 1192
341 731
657 806
670 123
480 717
760 1115
1031 715
350 789
845 51
809 986
1187 1187
143 22
187 352
984 522
550 505
705 937
614 1164
821 1176
1180 382
922 939
512 229
939 922
341 358
480 456
860 1178
920 1047
949 489
408 410
1081 831
261 1219
332 691
1174 32
1012 90
1094 232
756 770
967 19
100 307
480 59
34 266
532 477
845 628
869 459
1025 613
941 284
974 781
490 253
1088 1053
165 1030
405 272
465 707
514 314
730 35
1085 385
126 517
316 715
958 461
100 117
211 664
705 114
43 54
1140 357
1182 459
860 715
1109 483
1137 1191
993 958
935 314
1110 986
397 1182
30 691
321 114
397 44
822 82
489 31
269 738
971 438
1080 684
1057 770
1186 1187
160 948
1137 185
753 390
1109 937
1035 637
1057 1098
730 1207
417 90
182 505
518 127
516 84
277 628
332 750
1256 1170
822 272
729 1153
350 993
480 358
49 942
768 1057
261 1184
30 1170
84 67
209 272
1233 517
250 381
489 451
250 22
572 253
920 505
171 731
514 1097
975 461
216 751
705 35
436 1137
794 1133
455 1188
993 90
518 806
261 796
679 490
599 1170
49 993
250 659
298 127
1193 82
1140 411
617 459
1127 266
734 918
483 1069
949 272
369 1076
62 1178
883 956
1135 294
974 1047
744 459
1192 49
600 915
69 1049
855 335
949 19
986 717
1008 324
682 436
1136 836
1252 1159
320 691
967 67
1149 691
350 360
1224 83
547 331
744 715
1234 174
532 1025
785 163
32 687
68 228
514 22
215 442
695 1230
261 1106
809 360
569 115
753 308
34 459
1253 505
953 1130
409 1143
915 266
1195 1153
1104 410
442 806
409 272
1238 81
1081 82
181 641
334 1187
660 355
680 1069
209 735
1224 717
69 659
673 54
76 613
298 993
674 90
1087 461
195 821
342 517
142 142
36 657
285 973
1164 687
399 1188
543 933
1047 505
80 207
780 300
420 67
993 532
209 789
850 163
871 324
144 461
467 1069
133 1219
483 442
1160 691
483 272
596 691
779 685
720 798
148 687
369 942
1158 984
559 921
526 1097
967 938
85 989
949 789
1192 31
945 1139
442 659
254 385
209 477
546 1165
1063 1033
173 687
431 385
680 163
1182 1030
105 324
713 798
336 505
709 505
573 1188
216 477
753 951
99 759
660 1005
858 1029
881 881
1025 22
379 1130
604 121
1169 31
144 294
72 937
399 715
514 79
51 324
480 189
137 278
321 1057
436 630
829 179
594 789
753 798
514 633
115 685
138 543
811 1189
1110 82
29 250
758 461
442 360
1001 1001
1192 831
1120 373
984 1152
330 616
159 459
845 1047
685 1137
374 225
77 347
431 266
769 1188
197 72
598 1130
953 469
491 691
369 490
381 90
266 266
261 300
19 628
768 1076
78 324
517 71
343 194
792 958
339 1077
263 1083
556 348
850 1050
340 768
464 781
320 1157
915 1046
935 1097
949 1057
756 592
489 713
110 712
935 1137
518 751
533 1188
793 28
9 770
1005 266
1222 1047
1077 412
503 605
701 381
922 595
408 464
34 1188
161 224
417 1130
151 1188
151 687
594 806
350 314
220 124
785 466
845 396
1095 414
69 1143
685 410
616 1153
100 397
1031 266
339 881
99 725
982 687
713 1087
408 789
436 341
1178 450
298 735
489 19
653 22
570 1059
599 976
1192 1097
198 1057
1071 770
397 385
369 127
995 687
617 452
109 605
115 898
1256 1047
997 1188
480 90
116 1098
1113 610
263 1103
657 735
701 490
1081 1069
983 534
442 272
466 1076
821 673
365 461
1176 22
665 461
967 613
357 461
993 1130
1135 138
1057 358
400 535
541 1178
296 22
1097 293
840 1221
1031 1187
923 1003
1127 1187
74 742
657 451
1025 993
910 569
1192 613
344 46
455 90
966 343
1104 659
1233 258
3 461
785 993
580 972
753 1098
140 15
1038 505
603 1081
941 691
967 410
209 942
749 373
562 958
785 751
298 75
8 2
7 159
339 1053
628 391
716 1065
1249 1188
1049 731
724 505
102 1108
649 1212
633 314
1219 375
1193 613
259 327
572 85
405 22
466 986
198 713
55 925
753 142
303 1089
637 236
713 452
540 1104
80 1170
746 461
436 1069
1149 867
650 1205
625 145
967 789
150 1122
1202 998
768 451
610 610
730 918
519 715
1077 55
76 713
1050 810
51 697
905 1143
812 211
1141 241
358 461
1090 843
84 82
69 1057
1097 142
662 804
870 209
103 597
216 410
496 651
381 343
569 290
518 490
420 942
361 422
1155 461
1176 789
223 1223
378 385
514 31
431 1187
1014 683
984 240
160 162
630 185
348 278
532 19
1056 324
395 244
753 563
231 942
152 501
534 1036
216 1137
298 659
914 691
1193 751
580 276
173 459
324 534
1031 687
69 477
216 314
442 1069
261 294
341 294
997 142
244 1178
988 798
998 461
171 958
333 82
76 272
1232 44
320 1046
366 1206
185 373
409 360
291 318
1140 1257
304 126
1066 530
402 788
447 394
232 822
768 630
809 79
350 341
619 715
69 79
680 79
722 1075
941 373
1162 79
100 146
631 55
480 494
653 1104
1244 594
436 735
202 715
1230 414
727 517
764 684
1112 576
284 615
57 57
559 215
986 142
348 348
557 451
716 154
150 1204
400 894
886 771
185 673
986 587
77 770
94 1239
256 461
573 1153
380 1131
1124 989
263 690
1077 233
254 517
480 939
198 19
497 716
1225 505
557 341
860 731
755 594
574 459
600 342
805 875
754 1045
526 751
753 1108
796 515
262 995
405 1069
203 1188
209 19
1053 1053
509 339
1 430
594 613
526 613
1015 881
573 1178
758 456
791 1188
952 1238
248 275
341 494
830 222
1122 44
482 910
1024 1188
436 806
49 569
532 127
430 999
1001 63
496 391
426 356
202 385
49 79
400 624
341 749
902 458
231 831
1257 691
393 464
1070 960
1097 90
260 694
250 31
469 1175
1257 348
605 324
411 411
685 1057
198 831
250 75
415 987
69 67
293 653
370 461
707 461
1257 1188
532 1057
143 31
469 461
695 502
314 77
653 67
727 1188
1162 630
822 75
966 461
1123 1170
408 1069
695 356
101 461
1142 461
753 610
76 464
263 164
735 859
753 587
344 1167
576 362
84 163
35 500
986 357
607 423
143 986
762 971
86 316
1049 44
822 1076
135 715
1106 391
405 163
1252 114
466 659
594 127
470 610
541 715
984 1220
993 731
653 82
1037 289
483 360
58 504
526 630
1028 641
1025 630
965 753
645 473
174 377
569 469
384 679
935 360
911 657
263 110
354 266
1141 1002
597 509
518 1057
703 691
794 517
198 986
39 266
261 867
568 1043
294 294
727 385
1193 19
899 68
350 1137
281 526
54 611
263 278
532 75
997 517
76 735
405 464
689 794
986 390
408 986
1106 24
1162 993
508 1172
316 385
286 516
526 67
503 691
357 592
619 1170
45 432
244 715
503 1047
466 806
633 1049
84 451
532 464
785 480
436 31
967 806
250 314
599 294
297 420
927 967
1218 461
400 199
966 1142
1207 1207
333 163
633 19
409 613
541 108
991 691
526 272
80 976
296 613
715 505
1199 691
191 103
804 605
660 606
500 674
341 390
914 881
250 464
1049 90
803 1099
550 1066
71 918
519 1187
231 67
850 341
129 1079
573 90
263 152
907 907
139 1183
1081 79
1176 659
171 44
380 461
935 659
290 391
1069 579
285 391
261 35
355 656
44 586
361 1084
869 1178
143 67
49 751
754 292
231 410
821 1095
39 1178
296 659
517 691
918 528
657 19
9 162
514 986
261 1047
616 142
1088 461
443 948
573 1118
39 687
942 602
974 1188
406 459
150 823
808 234
623 623
982 459
156 3
598 1178
275 571
53 621
420 82
379 731
898 1092
45 461
884 1058
1005 517
16 122
926 540
822 806
1079 395
730 691
72 348
283 554
467 1076
171 1098
470 452
653 659
816 1188
1134 1209
730 765
30 336
444 1240
1005 1188
1057 469
202 1178
317 150
381 587
467 1193
633 341
634 44
845 881
120 731
1176 272
701 31
341 512
333 1049
3 616
905 1069
769 1178
466 1176
1104 79
653 314
1186 1178
144 305
995 385
268 461
415 461
296 75
135 1178
850 477
1122 266
986 532
617 704
717 461
396 1016
617 1188
263 84
1011 458
483 31
942 371
850 79
111 1047
412 412
209 79
995 517
785 789
173 958
50 907
1032 1013
322 270
320 385
562 142
400 388
713 142
785 79
1077 623
882 326
963 461
409 314
680 630
213 461
680 751
787 461
526 569
1082 219
703 167
409 1057
295 803
1010 687
986 870
160 691
261 1153
194 1206
875 299
339 1052
466 735
445 334
918 691
653 19
311 211
532 613
885 94
483 659
614 903
920 1090
785 464
1233 1153
264 912
924 840
935 410
333 314
338 505
910 157
87 610
1065 497
986 494
1016 741
774 1241
1250 311
29 976
307 1188
338 691
46 1041
473 1180
701 1143
480 411
420 1137
466 789
958 649
832 1030
1242 771
350 19
405 630
426 139
730 937
746 1166
69 1069
594 67
1086 847
703 373
653 831
1245 505
384 322
456 1134
677 1171
250 127
705 715
1192 789
264 581
494 675
753 456
846 846
525 510
324 915
845 162
1245 243
489 163
715 264
470 731
514 410
246 385
988 710
466 360
304 880
1191 206
382 66
350 630
320 55
822 67
405 713
1058 1215
1192 127
162 140
381 390
325 32
1114 1162
783 783
320 754
934 801
698 908
523 459
1104 713
490 672
693 114
719 703
1166 651
1254 27
755 94
1094 813
231 1049
77 1188
400 652
719 186
400 620
1002 73
1161 1093
316 1153
626 683
682 1241
639 1227
350 735
442 713
916 976
1193 713
1099 350
476 294
1083 785
462 459
341 610
453 1178
823 1187
1247 350
953 452
695 1022
209 993
436 613
557 67
483 1137
1204 779
730 529
303 968
633 22
369 1069
657 22
695 177
489 341
574 1188
539 54
741 770
798 461
915 459
242 90
785 67
142 461
141 1038
753 813
919 369
935 381
788 364
1110 789
1193 22
535 290
769 529
408 477
436 464
995 715
751 411
949 1097
478 1193
242 964
260 324
409 381
1143 1125
627 708
466 942
1112 332
306 918
523 1178
986 1108
436 713
1192 1069
685 986
405 360
1067 295
915 918
302 372
1081 451
792 1135
851 1062
1174 1153
1206 43
689 731
730 928
50 514
789 1052
1069 557
121 675
136 517
109 879
84 659
1061 23
935 127
160 976
216 806
747 925
434 811
212 687
927 131
235 691
610 1151
753 1052
769 294
257 461
633 464
634 687
524 125
171 142
1233 687
480 787
297 35
600 9
148 958
98 461
405 831
76 75
69 163
850 942
984 866
400 1019
420 1143
548 1136
498 1101
1098 461
387 472
550 691
756 505
1038 918
337 1047
986 731
785 410
1162 19
924 1046
792 142
523 1153
633 1076
135 1188
97 1107
88 714
203 1153
381 958
81 226
1127 385
935 451
216 986
626 850
872 1017
408 443
216 1057
480 452
597 770
768 22
562 186
302 128
1100 68
532 1143
665 415
943 157
1193 341
662 1053
756 1047
33 531
494 461
880 603
163 1053
729 731
298 22
730 348
1128 698
1158 1158
1164 266
1221 859
653 751
770 225
967 1049
1112 976
522 902
653 360
212 1188
42 757
39 1188
838 517
378 142
984 1202
400 1041
506 334
476 347
88 985
1193 986
735 939
460 583
417 610
1068 1229
750 731
216 341
417 928
1021 461
261 534
1035 517
279 542
211 560
296 751
1017 152
273 1227
400 392
298 806
782 372
1216 113
1176 79
483 942
775 394
1025 942
770 1039
511 822
986 978
909 737
833 421
596 1210
241 291
146 1064
305 152
1176 751
480 1111
489 22
677 311
206 1117
1123 461
75 777
263 660
915 529
914 1199
753 859
1050 951
261 157
420 993
466 490
986 846
1181 164
160 937
685 630
400 763
822 31
528 185
514 127
756 266
409 410
495 26
730 1170
38 1145
476 1106
118 198
381 367
467 986
285 104
360 736
930 686
170 541
741 294
1243 554
231 75
701 986
84 19
1070 1130
324 469
84 127
413 959
686 44
684 55
705 1046
1085 687
320 162
926 653
1031 1153
400 66
629 89
478 508
850 31
252 873
685 735
188 461
753 579
43 327
823 517
159 1153
49 314
995 259
420 127
261 1054
381 365
67 731
126 1153
316 687
906 1192
1192 451
2 265
753 374
974 1013
435 85
1204 859
1257 1187
1231 465
337 225
420 789
1195 1187
784 939
333 569
467 79
40 48
526 490
705 928
30 505
695 535
143 79
816 923
1025 1076
780 862
1186 1163
90 461
143 1057
1057 327
514 713
846 461
1127 687
1257 937
600 111
838 459
789 189
594 19
483 464
809 451
216 490
831 457
216 1143
1252 867
1066 324
875 375
294 559
850 381
414 391
116 59
56 144
1066 1231
542 44
514 751
1122 1153
1104 735
557 410
331 233
334 517
753 759
1176 569
1112 505
1025 735
409 490
260 611
1105 925
689 461
749 238
1129 1223
193 179
1176 477
867 116
458 1142
737 186
296 341
467 1137
771 715
786 962
1164 1153
680 464
209 127
289 505
695 582
144 1047
1192 751
34 1153
1133 1187
211 324
350 831
250 735
789 673
456 456
1157 335
11 868
916 1170
1005 715
1047 1059
780 231
792 610
198 1143
9 1207
850 360
519 1151
120 1153
542 184
80 162
523 385
316 266
956 1161
740 1074
339 185
1193 1069
339 30
938 958
657 477
126 1178
59 461
1003 1246
954 58
838 687
1257 266
1085 1178
376 548
296 993
703 881
209 831
962 461
685 490
726 770
1025 986
519 1178
794 459
998 543
532 381
598 266
1087 382
69 713
614 656
518 82
387 1014
1078 1120
1049 343
167 468
1104 127
209 751
112 1032
728 324
935 31
480 512
298 713
402 461
31 186
350 806
351 791
4 304
729 385
695 726
1176 216
970 717
300 904
987 388
350 22
160 336
1162 314
935 630
505 505
475 327
905 451
328 461
871 1190
491 505
794 1178
837 174
789 1065
400 145
405 735
480 798
860 459
816 90
5 957
32 815
532 1049
1221 939
30 54
363 837
953 320
329 872
547 623
920 78
153 289
695 292
656 961
352 613
224 461
133 333
263 100
431 517
417 1178
168 1004
437 869
204 517
262 517
1115 911
519 385
717 1224
333 341
873 227
541 1187
466 613
76 659
409 31
935 75
1053 221
860 517
416 1249
400 802
253 871
752 167
261 691
1057 494
645 298
316 610
12 767
209 314
899 324
307 1153
442 569
79 978
1057 717
261 311
116 415
1256 396
155 558
43 400
264 479
1252 691
544 1091
96 1040
619 595
405 986
939 461
993 1060
242 687
845 294
250 1076
1171 496
220 39
466 630
701 518
718 974
653 713
1190 406
519 529
480 846
466 477
914 918
870 276
255 984
159 572
298 1143
845 461
741 673
574 266
771 1153
1081 19
1193 1076
1257 461
828 357
753 357
622 622
405 806
370 505
76 381
261 94
697 998
126 1188
949 713
596 461
1110 713
988 533
984 446
1176 831
920 517
523 1188
160 294
685 1069
1118 564
890 813
503 505
914 505
688 670
356 300
528 1191
231 569
217 192
483 1049
633 67
263 409
1084 590
409 79
556 491
423 901
1189 267
22 297
408 272
320 35
860 617
470 206
246 16
1162 163
986 1083
1192 341
680 942
791 202
963 838
753 189
307 452
341 978
514 1049
1123 505
711 391
1110 490
443 783
1081 806
409 751
680 360
846 543
914 509
671 1166
642 691
1097 978
397 1178
949 75
905 381
173 517
469 469
253 461
400 301
231 79
600 338
526 75
750 90
44 44
768 75
45 189
810 681
406 517
83 1009
701 713
1121 858
250 1143
766 814
436 19
905 942
791 1187
729 1178
984 720
336 336
77 1013
69 22
599 783
55 147
316 517
614 1024
369 1049
1076 976
989 875
244 142
198 1049
1177 841
1162 1076
324 859
467 1097
984 257
165 851
400 968
483 831
27 1187
443 1108
375 913
1176 1049
711 868
250 477
1237 1187
116 1052
1077 373
600 769
600 974
905 19
344 119
708 743
258 1087
659 123
838 715
685 381
915 1153
87 517
786 214
792 90
115 782
915 928
510 1177
486 403
263 876
914 867
272 927
680 993
1169 332
467 831
622 14
467 735
503 509
1257 517
1113 1117
262 1188
304 203
986 798
633 79
69 993
101 1208
442 314
653 477
185 623
547 92
990 1082
420 1049
31 412
729 1187
753 253
1160 35
380 382
850 659
823 385
988 461
695 885
619 55
685 79
62 452
914 1170
692 435
261 901
1193 831
442 613
1243 1253
400 885
274 564
986 990
701 22
212 385
480 367
143 751
922 461
633 993
194 1039
76 127
838 629
657 272
986 1052
967 1057
368 1250
116 671
1254 259
1123 1126
1076 311
963 859
480 1052
1019 711
744 1153
553 1170
231 341
198 163
502 628
393 638
1104 569
532 986
504 1008
84 1143
1210 877
992 592
768 67
250 451
526 1076
822 451
530 135
179 247
596 1158
949 1076
514 451
442 993
1146 538
307 459
974 1199
420 314
633 163
961 482
517 505
519 162
79 142
116 707
467 451
408 79
369 381
388 534
822 789
467 806
342 131
373 373
153 543
597 1030
264 254
483 986
1252 1170
724 867
902 324
809 1097
1238 461
397 1153
379 469
1202 846
69 1076
176 212
532 831
986 185
76 1143
250 82
216 613
104 982
580 759
807 57
316 1164
866 302
785 490
641 170
1241 782
593 462
157 1044
519 1046
436 831
1164 517
597 349
757 197
341 44
709 267
706 1178
127 165
764 824
881 110
962 1061
238 874
1133 1178
1251 238
143 19
1124 709
997 1153
935 751
150 695
617 715
1110 464
695 359
809 630
1211 354
641 367
1060 384
1077 505
908 474
420 381
1137 1077
789 186
214 324
1071 1047
412 1078
143 1137
1110 1076
411 461
296 490
263 197
399 459
514 75
408 341
768 250
1010 266
324 50
1149 1054
381 512
889 251
1116 969
464 1130
385 385
790 731
553 461
