2890 902
3866 270
1883 889
942 223
2894 660
2 35
1880 452
2593 851
1914 766
947 782
948 531
1885 159
7 500
2901 1080
1591 418
951 177
952 788
1889 248
3047 284
956 789
958 845
2909 517
961 1076
1893 455
1553 168
2913 516
963 21
3857 881
1897 107
967 166
16 156
2918 520
970 24
2920 1116
2570 775
972 19
19 191
1907 598
1909 340
1910 554
977 1108
44 822
2932 749
1915 479
1916 297
704 1039
30 620
1917 768
35 457
988 817
3733 904
2940 336
38 608
992 841
2942 947
2944 233
1931 594
1932 1062
311 475
2947 553
1258 458
994 182
1935 806
1716 84
48 844
2950 212
49 276
2953 164
1134 27
2955 162
2956 1017
2958 257
2734 419
53 97
1939 362
1010 1115
827 391
1012 566
1945 129
299 911
152 379
1891 36
64 101
2972 258
2577 398
1017 830
1954 13
66 641
1958 717
1022 1112
2431 262
70 581
1026 780
3727 260
1966 292
608 199
1029 976
2067 38
1970 1035
75 579
1032 989
1033 537
1732 282
1972 736
1977 368
1975 141
795 864
2993 498
2547 413
1039 638
2153 737
85 126
2999 514
1045 323
1985 313
2702 207
1047 813
3002 477
1048 1101
1049 326
92 743
1051 325
1811 744
443 686
3009 793
2803 288
1995 703
3865 450
1056 898
1999 805
1057 1100
2588 397
2003 702
2031 432
3078 698
1062 1099
764 235
3014 100
3079 701
1064 648
2865 470
229 706
2903 157
2013 2
899 942
2991 934
2166 523
2017 632
2019 631
113 1065
497 259
2025 372
118 958
2026 534
2027 1013
3108 386
121 231
1078 1021
3036 65
2684 286
3039 74
2032 431
1085 488
2240 526
971 860
2038 104
2039 139
659 478
139 383
266 314
2043 140
141 334
2044 192
3053 974
3054 760
901 606
195 381
2047 137
146 32
2049 200
147 382
1097 339
2052 617
2952 0
1099 906
2595 401
1677 127
3067 333
2058 165
156 871
157 1113
1101 201
1102 338
913 492
2060 1001
341 64
3003 774
165 33
1106 295
3080 358
1069 650
171 504
1110 316
3084 690
1113 708
3086 354
180 1072
181 294
2071 1006
1116 290
1117 289
1126 190
3105 745
2078 400
2079 1008
3097 389
3090 797
190 891
2084 692
192 1057
1123 14
1282 769
196 751
199 800
200 973
3091 1073
202 959
3613 385
1223 936
203 513
2096 696
665 669
206 341
1132 15
1257 1025
2823 395
211 645
1139 16
1140 280
1141 17
3257 278
3117 613
2114 546
2841 20
834 60
2576 903
218 626
2762 480
221 644
1415 548
3123 1075
223 747
3125 559
2296 658
1152 143
227 748
2127 957
230 753
2129 551
3130 713
232 629
233 206
2764 603
1401 1060
2137 503
2138 600
2139 502
240 205
2140 1040
1158 376
2508 695
3423 981
3142 406
2146 694
1166 680
517 985
1475 561
249 752
3151 928
251 255
2152 705
1171 1034
1173 956
2155 715
1431 1031
2156 214
1178 616
1179 615
1697 428
1182 764
1187 883
2161 7
264 256
1191 870
3161 367
3162 102
614 499
3611 922
2169 525
1198 923
270 535
151 287
272 115
3628 786
2175 783
2092 937
275 117
678 659
1662 29
1926 225
3109 884
1669 123
281 552
2612 96
747 237
288 116
289 227
1217 8
2186 170
1219 112
2370 203
3106 649
3181 208
39 901
293 825
3184 146
3107 609
3186 486
2194 195
3188 493
2174 990
3191 145
2250 193
166 1074
3195 144
3034 155
3714 5
1238 153
829 78
3854 377
1241 253
2008 930
3864 154
830 318
2207 349
3204 495
2211 894
1130 293
3894 250
3206 1018
1251 308
3209 938
1772 820
3211 536
315 456
2217 4
1252 319
318 45
319 496
3818 188
3784 1005
3376 309
3218 802
2620 481
2628 818
3223 444
2227 98
3113 647
1264 244
2880 71
1265 243
2232 105
3786 305
2104 1004
1268 741
1269 469
330 969
331 439
3274 70
334 984
2239 821
3237 849
337 73
2242 62
3239 815
2626 251
2245 99
1277 343
3788 310
345 796
3242 447
1281 1056
1349 1010
3244 763
2252 94
349 576
1286 843
1777 296
2254 26
2255 12
353 578
354 798
1121 592
246 565
2258 384
2448 733
2246 900
2693 281
3152 521
1825 542
1303 816
1293 913
2375 569
2191 723
362 856
2199 189
1602 853
2266 31
3262 758
1790 246
366 422
1301 655
2271 160
1302 654
3527 365
2274 328
1035 677
2275 167
3271 25
3273 1050
2278 327
3275 791
3277 605
1308 832
3417 1
3294 621
1312 834
3169 91
420 217
1314 331
385 273
3285 23
389 335
3289 226
2365 364
3291 607
2294 409
395 892
1322 152
2298 1068
3295 179
2299 405
3296 1107
3297 977
2302 622
3299 490
1328 40
2436 135
1736 667
3662 263
979 1117
3282 1090
1336 1095
1337 42
1338 1052
3308 1033
3309 473
142 910
3311 610
414 113
3313 268
2507 114
1272 240
2314 83
1343 917
2516 68
2519 80
2318 81
419 1047
1348 46
421 142
2322 623
2323 624
423 1041
1353 449
2330 466
3328 453
1356 277
2332 95
1358 213
1316 916
433 672
1460 93
437 720
226 344
2338 770
1361 518
2532 711
3340 171
2343 176
2763 604
3008 738
3233 869
553 435
3344 380
1367 515
2347 572
445 1064
2350 37
2351 429
2354 567
1372 461
2290 410
3353 87
450 387
451 388
2359 574
3358 218
2361 169
214 746
1795 436
1380 210
3361 89
3362 85
3363 10
3048 591
1138 216
3366 719
462 197
3369 634
2797 274
1389 352
1390 691
596 543
468 174
1896 765
1391 507
1392 506
470 92
3378 586
2380 158
471 734
472 735
1396 709
474 90
478 730
3293 330
2891 1081
480 394
3387 311
965 350
1254 151
3390 1030
1400 952
2538 49
3132 1092
485 727
1405 699
3395 1027
2398 1003
2399 57
2400 245
3398 970
3399 1045
3400 1044
883 47
396 345
3136 982
492 1103
2406 54
3407 347
2407 55
1800 539
2409 53
3028 965
2411 842
2906 971
501 261
1801 582
3066 1063
1673 122
2416 236
3088 390
3416 716
1421 697
2256 826
2549 726
3424 426
1428 312
2636 522
3429 1036
3430 983
2427 671
2971 56
520 837
2430 1002
2188 34
3433 163
523 420
3253 1029
3437 161
3128 611
2189 194
529 590
2440 39
2476 209
533 838
3226 541
2492 351
306 999
1284 485
3249 585
1448 787
2327 674
537 417
2450 776
1024 781
540 931
2452 211
1453 812
3452 467
543 926
544 925
545 831
3312 809
193 979
548 437
549 1016
2460 799
1335 43
486 399
3900 221
482 732
3462 215
2463 472
558 920
3466 465
1464 991
561 512
2469 1032
3470 329
564 511
1469 373
3653 109
3148 880
567 128
1446 563
1436 992
569 131
2418 614
2309 625
2316 1093
2479 779
1476 88
3058 86
2149 949
1470 731
2482 1059
3643 675
1484 986
72 833
1775 299
575 441
576 185
3488 110
3486 41
2489 1038
2490 968
2491 1055
3491 460
2985 474
2493 794
3603 759
2990 198
586 69
1563 44
487 888
3505 1110
639 847
2506 120
3509 265
1502 897
3510 464
3511 836
3103 560
598 415
254 961
578 416
600 811
3316 580
1509 562
1510 180
3517 755
2827 993
3519 756
1514 181
1517 183
3331 955
1519 184
607 570
418 684
1104 342
1522 564
3529 840
609 835
2528 712
1527 175
613 489
1528 58
3533 222
2687 285
2535 795
1531 1109
3667 771
3780 656
1535 196
2540 935
1002 814
3460 908
1538 173
3542 682
2346 306
3849 412
3660 267
3351 729
670 241
1541 421
2269 242
1512 577
2551 707
2072 50
380 272
625 1012
2970 575
2556 829
1849 172
10 630
628 1053
629 178
260 532
2996 1089
632 975
3559 980
2566 855
1678 433
2569 599
636 540
3561 1078
3562 483
1556 750
1557 271
638 445
3199 530
640 1054
641 823
3567 1084
1564 597
646 618
1042 637
1568 1104
1961 1083
1965 9
3573 337
2580 785
2557 912
3576 150
1572 1102
2583 1020
2584 619
320 303
2002 762
655 1023
1576 505
1577 1106
1578 1105
1579 1098
3343 434
3115 612
2505 547
3589 451
1581 6
3593 149
3594 366
3859 374
602 661
664 414
3597 872
2599 772
3055 279
3661 448
2601 298
3046 857
1593 673
1595 807
672 204
3607 953
674 662
675 132
1598 777
3610 874
1479 665
3669 315
3602 932
3612 875
3582 202
2616 1086
684 549
1607 468
3617 960
3618 728
689 360
2625 254
691 550
2248 951
2630 72
1378 136
2268 784
1616 773
3521 359
3624 1082
2638 249
2641 28
702 361
3448 403
1626 670
705 1070
1628 462
707 371
708 356
709 848
3629 1058
1632 459
710 357
3636 628
3638 627
712 378
835 79
716 685
1993 138
559 882
3644 927
504 1067
507 879
515 945
440 678
2177 1069
1640 124
531 964
2413 1088
1642 921
3650 266
3652 234
2674 301
2675 1061
727 252
2678 186
1651 363
1653 121
3518 264
730 635
3342 3
1656 119
731 59
733 679
2685 595
1663 125
2686 633
630 642
2565 651
2688 824
93 893
1666 67
648 640
2647 247
1342 454
2181 497
1672 118
682 596
808 66
3673 269
2697 1022
745 639
1059 810
746 868
1679 440
1036 230
1680 346
748 867
3682 317
1684 424
1685 423
2691 425
606 446
1687 408
752 873
532 839
2979 846
3654 108
757 239
758 238
3349 687
3697 571
2712 487
2657 909
761 527
1696 508
806 393
1521 482
1847 442
3704 147
1703 1091
2793 18
767 529
960 643
718 683
770 1007
2806 987
1119 304
3608 232
1709 229
775 558
3492 134
2721 778
3243 1085
3716 896
2723 941
2724 724
3420 704
779 220
1638 790
3816 187
3721 804
1373 877
3723 918
781 1066
3725 890
1156 11
2011 929
784 219
1787 438
1724 602
3754 767
2287 954
2737 943
1726 402
3735 803
1000 866
3738 1019
2291 411
1730 593
3740 924
2744 1051
740 905
1733 404
2748 946
88 1049
2895 876
797 865
3029 714
3032 885
1456 1094
2753 1043
2754 1042
1745 933
1746 1009
1747 718
3757 111
2446 519
3093 133
109 693
1702 742
2759 852
809 854
811 48
2761 899
1698 740
697 320
2666 291
1226 1048
3141 858
2767 668
818 75
1764 1114
3782 887
460 1077
3773 725
2775 1046
3775 689
3776 106
825 76
3537 819
1229 476
828 77
1770 861
3781 524
3013 878
831 322
832 676
2981 863
2967 484
652 988
1261 61
836 348
3787 533
2788 1014
1098 30
1779 792
841 962
1385 509
3792 491
3793 283
3796 52
1784 300
845 392
3799 653
847 430
3459 1026
621 919
3803 850
3805 471
3809 501
3812 1011
1694 427
2802 321
856 666
857 355
858 130
2520 963
1796 545
1797 544
859 944
2545 978
860 370
623 636
863 369
3823 722
231 1071
865 148
2813 324
867 948
1805 583
1806 1096
1235 407
871 663
2819 396
3833 584
3834 307
124 573
3587 332
877 972
878 939
3845 1111
2828 994
880 688
3755 601
3526 463
1823 950
3850 587
2835 995
2836 22
2378 966
1827 754
3863 589
885 940
3858 375
3550 652
1828 538
1599 657
2206 895
1619 681
1623 996
1850 443
1713 967
2853 998
1837 862
3868 646
778 555
2858 761
563 510
3479 556
1843 997
1844 51
1846 859
3874 828
909 739
762 528
2037 103
3844 228
2863 557
3879 827
2362 353
2781 302
916 82
2305 1097
3882 1028
2869 757
3761 907
717 63
3886 721
3887 914
921 1037
922 808
1717 1079
3379 700
3556 568
925 494
1299 1024
1865 1000
3895 588
936 224
1835 710
1768 1087
1868 1015
934 886
823 664
583 275
3904 915
2746 801
