5610 8246
4729 10124
6370 4404
2554 9582
4361 1156
5624 6850
3331 7396
5252 1507
6567 3116
6358 1884
5578 2947
4018 8429
4741 2934
1182 3078
675 3615
396 1666
3255 7881
1970 5588
6065 9229
2470 9899
5734 6546
6017 2714
572 2172
583 1098
6583 7687
4738 3968
3423 7001
2350 6259
1169 6293
579 9472
3840 8384
820 282
4077 1588
2053 9974
1106 5842
5555 1866
5366 9283
5156 7384
1357 1
4801 1124
3554 5201
6617 1677
156 2008
2697 5481
5404 8375
6093 1826
2786 822
1018 7371
5458 9021
2616 8768
5712 171
4848 6257
4326 1567
6505 2619
1648 7231
2257 9504
3464 9646
3473 4678
3833 1018
87 1376
1543 9089
4984 9928
4660 4218
6328 9942
5191 5331
4047 10695
807 10706
6115 2480
4017 6230
6208 9220
4760 3376
3538 3055
6192 457
3785 241
4067 1774
2223 2696
5334 7519
298 6692
207 10397
909 2541
4487 960
193 3265
2293 5173
6262 830
3479 9501
6041 5
3772 2571
5827 1653
1681 8556
2340 900
5046 2024
1198 3620
5533 9626
3415 4933
1110 5450
3107 5615
6048 885
2453 9526
1829 2676
4458 2325
4441 2135
4909 10242
5576 3959
4030 1127
4131 1697
4956 5361
3379 6082
5013 800
4069 2404
3108 5718
575 7402
859 3241
6488 7457
2112 2916
1587 5291
3329 6878
1849 5485
2084 1701
3865 5847
2882 1114
1996 8365
1023 9820
5919 6200
4503 947
6650 905
4913 2403
2725 7235
5974 10122
2032 6351
3467 2876
45 3707
3130 2428
1605 4485
1762 6211
6508 8732
6201 8255
5288 8233
2557 4903
1505 7089
2537 8371
209 2129
4238 3793
5873 7513
4056 8811
1585 9813
998 7663
4237 6045
4812 9843
2690 2703
6451 1541
4027 3301
5976 1687
582 5559
5667 1155
4505 5571
2885 8042
1272 8680
2976 760
3361 8469
3428 1990
5303 6414
982 2713
151 7030
4949 8756
2881 5274
709 9201
467 9995
2254 1305
2876 1292
5709 1075
2425 7079
888 7068
4457 3574
144 3186
6227 1689
1186 9128
6202 8740
4952 6145
1890 4469
2371 7893
3720 7874
4961 8227
1629 6304
216 1839
603 6446
332 1321
6229 6401
49 7491
1212 1950
5203 4444
1128 4834
585 5603
4872 7012
2772 10130
3543 8516
6303 2327
3235 5645
6442 1272
6591 7439
4096 7591
4298 2817
5711 3210
3913 8018
4114 4316
1985 5794
3318 8489
2519 350
1342 5083
834 2259
3722 7239
454 9326
553 2630
5022 6185
5507 6967
2157 1362
4490 531
5293 1633
98 395
0 967
77 3428
5805 2440
6118 8302
389 840
2875 10167
3940 951
793 7504
3726 7122
6441 5473
6625 2780
1846 1717
1453 8684
3773 762
2877 8100
1631 8552
2824 1070
5380 7306
4535 4755
5455 2530
3607 10103
594 683
1370 2215
1081 1359
4 4519
1695 10077
5986 1130
3316 10339
4789 4746
1537 265
6228 9233
884 2786
2856 8611
5023 8163
2095 3339
4866 712
1199 7605
6324 9356
5400 1814
6541 9325
129 6761
5538 6066
1266 8855
14 5086
3704 8450
5568 3349
2484 7266
5683 3922
3430 6254
