0 416
0 2278
0 6420
416 2157
416 2557
416 2885
416 5022
416 5400
416 6228
2278 2157
2278 2557
2278 2885
2278 5022
2278 5400
2278 6228
1 2112
2112 55
2112 173
2112 176
2112 186
2112 189
2112 203
2112 235
2112 268
2112 364
2112 387
2112 409
2112 438
2112 442
2112 466
2112 555
2112 587
2112 588
2112 625
2112 631
2112 653
2112 677
2112 702
2112 704
2112 751
2112 771
2112 773
2112 789
2112 832
2112 835
2112 868
2112 874
2112 919
2112 942
2112 951
2112 974
2112 976
2112 980
2112 987
2112 1000
2112 1060
2112 1089
2112 1113
2112 1164
2112 1173
2112 1226
2112 1236
2112 1237
2112 1306
2112 1330
2112 1386
2112 1392
2112 1410
2112 1439
2112 1441
2112 1498
2112 1606
2112 1666
2112 1682
2112 1717
2112 1737
2112 1798
2112 1810
2112 1820
2112 1828
2112 1831
2112 1903
2112 1913
2112 1939
2112 1973
2112 1976
2112 2015
2112 2058
2112 2100
2112 2139
2112 2144
2112 2209
2112 2268
2112 2270
2112 2327
2112 2329
2112 2349
2112 2385
2112 2393
2112 2427
2112 2430
2112 2464
2112 2478
2112 2528
2112 2541
2112 2564
2112 2614
2112 2641
2112 2655
2112 2738
2112 2748
2112 2805
2112 2865
2112 2898
2112 2939
2112 2987
2112 3012
2112 3044
2112 3064
2112 3069
2112 3070
2112 3152
2112 3166
2112 3176
2112 3186
2112 3197
2112 3239
2112 3243
2112 3252
2112 3345
2112 3371
2112 3378
2112 3387
2112 3389
2112 3422
2112 3504
2112 3552
2112 3599
2112 3687
2112 3691
2112 3693
2112 3702
2112 3732
2112 3735
2112 3778
2112 3788
2112 3839
2112 3851
2112 3856
2112 3894
2112 3898
2112 3921
2112 3922
2112 3924
2112 3932
2112 3968
2112 4033
2112 4042
2112 4055
2112 4137
2112 4146
2112 4176
2112 4214
2112 4244
2112 4257
2112 4270
2112 4285
2112 4318
2112 4349
2112 4358
2112 4364
2112 4396
2112 4425
2112 4442
2112 4478
2112 4483
2112 4484
2112 4521
2112 4525
2112 4530
2112 4576
2112 4583
2112 4681
2112 4698
2112 4702
2112 4723
2112 4746
2112 4784
2112 4868
2112 4876
2112 4882
2112 4920
2112 4960
2112 4963
2112 5002
2112 5006
2112 5008
2112 5057
2112 5108
2112 5110
2112 5126
2112 5132
2112 5134
2112 5153
2112 5234
2112 5263
2112 5286
2112 5319
2112 5355
2112 5408
2112 5464
2112 5487
2112 5505
2112 5556
2112 5575
2112 5647
2112 5664
2112 5665
2112 5677
2112 5698
2112 5785
2112 5845
2112 5848
2112 5876
2112 5894
2112 5898
2112 6008
2112 6010
2112 6023
2112 6028
2112 6032
2112 6044
2112 6083
2112 6244
2112 6249
2112 6323
2112 6348
2112 6408
2112 6435
2112 6440
2112 6459
2112 6516
2112 6519
2112 6604
2112 6677
2112 6694
2112 6695
2 3108
3108 41
3108 48
3108 58
3108 74
3108 94
3108 206
3108 243
3108 307
3108 327
3108 367
3108 406
3108 419
3108 436
3108 484
3108 501
3108 510
3108 618
3108 724
3108 728
3108 741
3108 755
3108 816
3108 846
3108 876
3108 881
3108 887
3108 911
3108 920
3108 941
3108 955
3108 1026
3108 1054
3108 1058
3108 1090
3108 1180
3108 1290
3108 1319
3108 1349
3108 1362
3108 1382
3108 1473
3108 1478
3108 1522
3108 1530
3108 1552
3108 1576
3108 1607
3108 1664
3108 1709
3108 1830
3108 2013
3108 2023
3108 2031
3108 2038
3108 2156
3108 2374
3108 2391
3108 2428
3108 2437
3108 2476
3108 2590
3108 2608
3108 2623
3108 2630
3108 2636
3108 2667
3108 2695
3108 2707
3108 2737
3108 2753
3108 2796
3108 2799
3108 2850
3108 2871
3108 2896
3108 2912
3108 3021
3108 3104
3108 3116
3108 3120
3108 3215
3108 3218
3108 3253
3108 3310
3108 3326
3108 3374
3108 3400
3108 3414
3108 3485
3108 3488
3108 3626
3108 3659
3108 3678
3108 3709
3108 3728
3108 3749
3108 3767
3108 3871
3108 3873
3108 3905
3108 3962
3108 3996
3108 4035
3108 4076
3108 4132
3108 4169
3108 4229
3108 4311
3108 4416
3108 4464
3108 4517
3108 4669
3108 4687
3108 4697
3108 4699
3108 4749
3108 4750
3108 4755
3108 4860
3108 4898
3108 4950
3108 4983
3108 5033
3108 5040
3108 5075
3108 5107
3108 5149
3108 5163
3108 5165
3108 5175
3108 5215
3108 5262
3108 5321
3108 5323
3108 5330
3108 5335
3108 5390
3108 5441
3108 5447
3108 5452
3108 5462
3108 5540
3108 5542
3108 5580
3108 5792
3108 5801
3108 5861
3108 5863
3108 5872
3108 5897
3108 5903
3108 5904
3108 5925
3108 5940
3108 5991
3108 5997
3108 6014
3108 6178
3108 6243
3108 6252
3108 6344
3108 6530
3108 6590
3108 6675
3108 6688
3 5366
5366 1412
4 99
4 878
4 1626
4 1929
4 2277
4 2352
4 2893
4 3023
4 3105
4 3256
4 4110
4 4160
4 4547
4 4821
4 6022
4 6190
4 6450
4 6571
99 2557
1626 5400
1929 2554
1929 5711
2352 3430
3105 4490
4110 1266
4110 2557
4110 4490
4160 193
4160 3430
4547 2557
6190 1681
6190 5919
6450 4490
5 5873
5873 8
5873 10
5873 15
5873 26
5873 73
5873 90
5873 104
5873 139
5873 163
5873 181
5873 184
5873 218
5873 220
5873 231
5873 232
5873 305
5873 310
5873 314
5873 322
5873 333
5873 352
5873 372
5873 375
5873 385
5873 386
5873 391
5873 400
5873 403
5873 430
5873 435
5873 440
5873 463
5873 490
5873 494
5873 495
5873 498
5873 506
5873 507
5873 512
5873 518
5873 528
5873 554
5873 574
5873 590
5873 595
5873 600
5873 604
5873 607
5873 617
5873 627
5873 632
5873 636
5873 650
5873 651
5873 670
5873 700
5873 710
5873 721
5873 737
5873 745
5873 756
5873 764
5873 774
5873 776
5873 777
5873 845
5873 854
5873 860
5873 861
5873 870
5873 890
5873 895
5873 896
5873 897
5873 899
5873 924
5873 929
5873 931
5873 944
5873 960
5873 963
5873 969
5873 979
5873 984
5873 986
5873 1019
5873 1025
5873 1031
5873 1042
5873 1070
5873 1098
5873 1116
5873 1124
5873 1125
5873 1132
5873 1144
5873 1147
5873 1175
5873 1176
5873 1183
5873 1203
5873 1214
5873 1222
5873 1228
5873 1251
5873 1257
5873 1259
5873 1260
5873 1298
5873 1339
5873 1347
5873 1351
5873 1354
5873 1376
5873 1383
5873 1384
5873 1395
5873 1405
5873 1417
5873 1426
5873 1459
5873 1467
5873 1485
5873 1488
5873 1499
5873 1500
5873 1507
5873 1531
5873 1570
5873 1575
5873 1580
5873 1586
5873 1592
5873 1613
5873 1614
5873 1673
5873 1689
5873 1699
5873 1701
5873 1707
5873 1710
5873 1719
5873 1721
5873 1726
5873 1729
5873 1735
5873 1745
5873 1749
5873 1753
5873 1758
5873 1771
5873 1788
5873 1805
5873 1822
5873 1835
5873 1839
5873 1843
5873 1861
5873 1863
5873 1865
5873 1923
5873 1941
5873 1946
5873 1960
5873 1964
5873 1969
5873 1972
5873 1980
5873 1992
5873 1994
5873 1998
5873 2003
5873 2012
5873 2063
5873 2064
5873 2068
5873 2078
5873 2083
5873 2094
5873 2103
5873 2110
5873 2126
5873 2134
5873 2137
5873 2142
5873 2146
5873 2163
5873 2174
5873 2175
5873 2200
5873 2201
5873 2220
5873 2221
5873 2235
5873 2241
5873 2265
5873 2279
5873 2301
5873 2306
5873 2308
5873 2334
5873 2356
5873 2386
5873 2390
5873 2416
5873 2451
5873 2474
5873 2501
5873 2503
5873 2509
5873 2514
5873 2530
5873 2562
5873 2567
5873 2598
5873 2601
5873 2606
5873 2621
5873 2624
5873 2648
5873 2658
5873 2659
5873 2671
5873 2681
5873 2686
5873 2702
5873 2709
5873 2715
5873 2718
5873 2742
5873 2743
5873 2746
5873 2771
5873 2783
5873 2792
5873 2803
5873 2814
5873 2817
5873 2821
5873 2832
5873 2846
5873 2872
5873 2873
5873 2889
5873 2894
5873 2897
5873 2909
5873 2910
5873 2918
5873 2919
5873 2920
5873 2925
5873 2957
5873 2975
5873 2992
5873 3005
5873 3010
5873 3078
5873 3097
5873 3118
5873 3149
5873 3159
5873 3164
5873 3165
5873 3168
5873 3178
5873 3196
5873 3206
5873 3227
5873 3259
5873 3263
5873 3293
5873 3296
5873 3312
5873 3323
5873 3325
5873 3327
5873 3334
5873 3344
5873 3349
5873 3351
5873 3391
5873 3392
5873 3398
5873 3399
5873 3404
5873 3416
5873 3417
5873 3440
5873 3443
5873 3448
5873 3449
5873 3451
5873 3462
5873 3471
5873 3487
5873 3489
5873 3513
5873 3522
5873 3530
5873 3544
5873 3549
5873 3567
5873 3596
5873 3597
5873 3606
5873 3617
5873 3623
5873 3660
5873 3673
5873 3699
5873 3714
5873 3718
5873 3729
5873 3731
5873 3734
5873 3761
5873 3783
5873 3802
5873 3812
5873 3817
5873 3823
5873 3825
5873 3841
5873 3843
5873 3845
5873 3861
5873 3867
5873 3880
5873 3899
5873 3907
5873 3918
5873 3923
5873 3927
5873 3929
5873 3931
5873 3949
5873 3959
5873 3961
5873 3963
5873 3970
5873 3997
5873 4003
5873 4019
5873 4022
5873 4052
5873 4054
5873 4086
5873 4101
5873 4121
5873 4150
5873 4180
5873 4181
5873 4186
5873 4194
5873 4206
5873 4216
5873 4220
5873 4251
5873 4271
5873 4281
5873 4288
5873 4300
5873 4307
5873 4308
5873 4317
5873 4320
5873 4324
5873 4328
5873 4333
5873 4348
5873 4363
5873 4382
5873 4387
5873 4393
5873 4415
5873 4428
5873 4486
5873 4497
5873 4539
5873 4540
5873 4542
5873 4548
5873 4552
5873 4553
5873 4557
5873 4579
5873 4601
5873 4603
5873 4636
5873 4658
5873 4662
5873 4664
5873 4670
5873 4673
5873 4693
5873 4721
5873 4731
5873 4776
5873 4777
5873 4807
5873 4838
5873 4840
5873 4858
5873 4863
5873 4880
5873 4883
5873 4884
5873 4891
5873 4928
5873 4930
5873 4938
5873 4954
5873 4987
5873 4991
5873 5012
5873 5032
5873 5035
5873 5041
5873 5044
5873 5065
5873 5086
5873 5117
5873 5127
5873 5138
5873 5154
5873 5167
5873 5168
5873 5174
5873 5177
5873 5220
5873 5224
5873 5230
5873 5240
5873 5244
5873 5247
5873 5260
5873 5261
5873 5266
5873 5271
5873 5306
5873 5313
5873 5346
5873 5367
5873 5383
5873 5402
5873 5406
5873 5433
5873 5440
5873 5442
5873 5448
5873 5451
5873 5492
5873 5494
5873 5528
5873 5532
5873 5554
5873 5561
5873 5585
5873 5632
5873 5640
5873 5641
5873 5646
5873 5663
5873 5685
5873 5697
5873 5701
5873 5706
5873 5710
5873 5738
5873 5742
5873 5744
5873 5809
5873 5811
5873 5823
5873 5832
5873 5839
5873 5841
5873 5843
5873 5846
5873 5849
5873 5856
5873 5863
5873 5875
5873 5890
5873 5892
5873 5895
5873 5899
5873 5901
5873 5909
5873 5929
5873 5932
5873 5962
5873 5982
5873 5994
5873 6003
5873 6013
5873 6024
5873 6036
5873 6063
5873 6067
5873 6084
5873 6094
5873 6098
5873 6131
5873 6132
5873 6148
5873 6183
5873 6185
5873 6191
5873 6218
5873 6236
5873 6240
5873 6257
5873 6269
5873 6271
5873 6291
5873 6296
5873 6298
5873 6332
5873 6351
5873 6364
5873 6365
5873 6392
5873 6397
5873 6399
5873 6400
5873 6417
5873 6428
5873 6457
5873 6467
5873 6469
5873 6471
5873 6474
5873 6477
5873 6479
5873 6496
5873 6521
5873 6527
5873 6547
5873 6564
5873 6566
5873 6589
5873 6598
5873 6610
5873 6612
5873 6613
5873 6621
5873 6637
5873 6684
5873 6711
6 2557
2557 94
2557 102
2557 111
2557 141
2557 146
2557 201
2557 230
2557 378
2557 605
2557 610
2557 643
2557 713
2557 748
2557 901
2557 943
2557 1083
2557 1134
2557 1250
2557 1335
2557 1419
2557 1562
2557 1655
2557 1862
2557 1863
2557 1918
2557 2033
2557 2104
2557 2132
2557 2133
2557 2176
2557 2242
2557 2285
2557 2366
2557 2383
2557 2407
2557 2422
2557 2517
2557 2565
2557 2596
2557 2750
2557 2767
2557 2835
2557 2848
2557 2864
2557 2896
2557 2917
2557 2940
2557 2982
2557 3017
2557 3030
2557 3120
2557 3220
2557 3261
2557 3273
2557 3407
2557 3409
2557 3436
2557 3583
2557 3604
2557 3624
2557 3654
2557 3655
2557 3680
2557 3719
2557 3834
2557 3850
2557 3870
2557 3996
2557 4057
2557 4198
2557 4200
2557 4202
2557 4250
2557 4254
2557 4311
2557 4384
2557 4386
2557 4612
2557 4712
2557 4720
2557 4825
2557 4842
2557 4990
2557 5016
2557 5029
2557 5063
2557 5089
2557 5157
2557 5159
2557 5172
2557 5241
2557 5410
2557 5419
2557 5474
2557 5506
2557 5527
2557 5545
2557 5652
2557 5862
2557 5884
2557 6025
2557 6039
2557 6068
2557 6087
2557 6099
2557 6143
2557 6268
2557 6295
2557 6416
2557 6463
2557 6557
2557 6558
2557 6691
2557 6701
7 209
209 21
209 29
209 59
209 60
209 71
209 81
209 92
209 103
209 116
209 119
209 122
209 127
209 158
209 171
209 196
209 198
209 204
209 208
209 230
209 233
209 241
209 242
209 249
209 270
209 283
209 297
209 306
209 325
209 335
209 366
209 383
209 386
209 422
209 448
209 449
209 453
209 491
209 517
209 523
209 578
209 643
209 655
209 658
209 666
209 678
209 688
209 714
209 720
209 721
209 725
209 730
209 745
209 748
209 768
209 811
209 813
209 826
209 831
209 853
209 855
209 871
209 879
209 893
209 939
209 946
209 947
209 972
209 979
209 983
209 1020
209 1030
209 1043
209 1056
209 1079
209 1092
209 1100
209 1103
209 1120
209 1154
209 1166
209 1197
209 1217
209 1244
209 1251
209 1286
209 1298
209 1311
209 1312
209 1322
209 1336
209 1340
209 1374
209 1378
209 1394
209 1444
209 1451
209 1508
209 1528
209 1565
209 1574
209 1618
209 1619
209 1621
209 1622
209 1643
209 1668
209 1671
209 1687
209 1693
209 1694
209 1698
209 1711
209 1718
209 1723
209 1746
209 1761
209 1788
209 1822
209 1837
209 1866
209 1940
209 1945
209 1964
209 1990
209 1991
209 2014
209 2035
209 2041
209 2067
209 2109
209 2147
209 2148
209 2176
209 2207
209 2218
209 2225
209 2267
209 2313
209 2316
209 2381
209 2398
209 2424
209 2433
209 2471
209 2497
209 2508
209 2522
209 2561
209 2569
209 2573
209 2579
209 2580
209 2583
209 2597
209 2632
209 2635
209 2739
209 2760
209 2779
209 2794
209 2807
209 2855
209 2927
209 2947
209 2962
209 2983
209 3006
209 3025
209 3072
209 3073
209 3075
209 3076
209 3077
209 3078
209 3111
209 3117
209 3148
209 3158
209 3179
209 3187
209 3209
209 3226
209 3227
209 3257
209 3302
209 3369
209 3375
209 3376
209 3381
209 3383
209 3397
209 3402
209 3429
209 3436
209 3437
209 3476
209 3507
209 3508
209 3542
209 3569
209 3593
209 3610
209 3627
209 3638
209 3666
209 3689
209 3692
209 3742
209 3755
209 3769
209 3774
209 3801
209 3817
209 3822
209 3864
209 3872
209 3878
209 3888
209 3890
209 3950
209 3954
209 3966
209 3977
209 3983
209 3987
209 3993
209 3995
209 4000
209 4010
209 4050
209 4063
209 4073
209 4081
209 4105
209 4106
209 4112
209 4119
209 4124
209 4144
209 4148
209 4223
209 4253
209 4255
209 4283
209 4288
209 4291
209 4304
209 4307
209 4323
209 4334
209 4340
209 4357
209 4362
209 4382
209 4400
209 4421
209 4422
209 4434
209 4482
209 4485
209 4507
209 4528
209 4587
209 4678
209 4685
209 4711
209 4773
209 4777
209 4815
209 4835
209 4838
209 4888
209 4889
209 4901
209 4911
209 4917
209 4939
209 4972
209 4975
209 5018
209 5028
209 5031
209 5061
209 5082
209 5087
209 5092
209 5094
209 5119
209 5145
209 5164
209 5211
209 5231
209 5240
209 5249
209 5257
209 5267
209 5299
209 5308
209 5354
209 5361
209 5385
209 5405
209 5415
209 5421
209 5428
209 5430
209 5449
209 5459
209 5467
209 5476
209 5524
209 5529
209 5564
209 5586
209 5595
209 5596
209 5626
209 5655
209 5675
209 5702
209 5705
209 5738
209 5739
209 5746
209 5770
209 5812
209 5817
209 5841
209 5842
209 5843
209 5850
209 5914
209 5916
209 5927
209 5937
209 5957
209 5961
209 5977
209 6007
209 6020
209 6053
209 6090
209 6101
209 6107
209 6117
209 6122
209 6184
209 6195
209 6205
209 6234
209 6240
209 6272
209 6275
209 6277
209 6279
209 6280
209 6309
209 6311
209 6317
209 6343
209 6363
209 6369
209 6388
209 6421
209 6428
209 6429
209 6434
209 6445
209 6452
209 6453
209 6467
209 6472
209 6517
209 6521
209 6523
209 6526
209 6529
209 6540
209 6545
209 6547
209 6563
209 6601
209 6605
209 6619
209 6630
209 6632
209 6638
209 6643
209 6657
209 6711
9 4458
4458 53
4458 114
4458 141
4458 167
4458 302
4458 383
4458 386
4458 399
4458 403
4458 427
4458 471
4458 557
4458 562
4458 659
4458 703
4458 721
4458 867
4458 894
4458 1012
4458 1144
4458 1238
4458 1240
4458 1366
4458 1396
4458 1443
4458 1449
4458 1458
4458 1472
4458 1493
4458 1700
4458 1702
4458 1814
4458 1858
4458 1945
4458 2056
4458 2073
4458 2105
4458 2158
4458 2217
4458 2302
4458 2348
4458 2362
4458 2411
4458 2461
4458 2561
4458 2567
4458 2578
4458 2595
4458 2620
4458 2700
4458 2757
4458 3054
4458 3224
4458 3398
4458 3399
4458 3438
4458 3461
4458 3463
4458 3487
4458 3520
4458 3615
4458 3739
4458 3764
4458 3813
4458 3849
4458 3948
4458 3970
4458 3975
4458 4003
4458 4005
4458 4024
4458 4090
4458 4173
4458 4210
4458 4233
4458 4293
4458 4322
4458 4379
4458 4416
4458 4462
4458 4491
4458 4621
4458 4655
4458 4679
4458 4686
4458 4695
4458 4826
4458 4861
4458 4867
4458 4878
4458 4931
4458 4955
4458 5011
4458 5018
4458 5069
4458 5218
4458 5333
4458 5526
4458 5614
4458 5631
4458 5702
4458 5728
4458 5749
4458 5751
4458 5813
4458 5821
4458 5843
4458 5862
4458 5863
4458 5900
4458 5928
4458 5931
4458 6001
4458 6009
4458 6069
4458 6079
4458 6096
4458 6322
4458 6333
4458 6428
4458 6429
4458 6509
4458 6542
4458 6643
4458 6681
11 4487
4487 23
4487 24
4487 30
4487 47
4487 48
4487 56
4487 76
4487 79
4487 81
4487 82
4487 84
4487 86
4487 106
4487 135
4487 150
4487 153
4487 155
4487 180
4487 185
4487 190
4487 212
4487 213
4487 217
4487 228
4487 254
4487 281
4487 282
4487 284
4487 300
4487 301
4487 315
4487 330
4487 338
4487 341
4487 344
4487 345
4487 347
4487 371
4487 379
4487 392
4487 414
4487 444
4487 455
4487 465
4487 483
4487 489
4487 499
4487 520
4487 525
4487 530
4487 531
4487 545
4487 546
4487 555
4487 556
4487 568
4487 593
4487 611
4487 637
4487 639
4487 646
4487 689
4487 696
4487 697
4487 712
4487 715
4487 717
4487 732
4487 734
4487 743
4487 750
4487 757
4487 761
4487 824
4487 858
4487 880
4487 886
4487 904
4487 907
4487 949
4487 973
4487 985
4487 993
4487 1004
4487 1005
4487 1016
4487 1024
4487 1032
4487 1044
4487 1047
4487 1055
4487 1085
4487 1086
4487 1088
4487 1097
4487 1127
4487 1152
4487 1159
4487 1171
4487 1188
4487 1195
4487 1206
4487 1208
4487 1242
4487 1252
4487 1254
4487 1256
4487 1258
4487 1279
4487 1296
4487 1305
4487 1308
4487 1326
4487 1328
4487 1331
4487 1333
4487 1344
4487 1356
4487 1361
4487 1387
4487 1395
4487 1397
4487 1407
4487 1413
4487 1416
4487 1421
4487 1445
4487 1461
4487 1463
4487 1465
4487 1486
4487 1501
4487 1517
4487 1527
4487 1533
4487 1549
4487 1556
4487 1561
4487 1564
4487 1569
4487 1583
4487 1588
4487 1590
4487 1597
4487 1608
4487 1620
4487 1624
4487 1636
4487 1649
4487 1654
4487 1655
4487 1674
4487 1703
4487 1724
4487 1727
4487 1732
4487 1734
4487 1743
4487 1766
4487 1770
4487 1777
4487 1781
4487 1783
4487 1796
4487 1797
4487 1800
4487 1804
4487 1808
4487 1819
4487 1824
4487 1847
4487 1850
4487 1852
4487 1872
4487 1874
4487 1876
4487 1880
4487 1881
4487 1884
4487 1886
4487 1887
4487 1891
4487 1894
4487 1908
4487 1921
4487 1924
4487 1937
4487 1942
4487 1950
4487 1974
4487 1977
4487 1978
4487 2005
4487 2006
4487 2028
4487 2043
4487 2044
4487 2047
4487 2052
4487 2062
4487 2066
4487 2072
4487 2086
4487 2111
4487 2116
4487 2119
4487 2124
4487 2125
4487 2128
4487 2130
4487 2155
4487 2161
4487 2167
4487 2170
4487 2178
4487 2181
4487 2189
4487 2214
4487 2229
4487 2247
4487 2251
4487 2262
4487 2264
4487 2281
4487 2288
4487 2289
4487 2298
4487 2300
4487 2304
4487 2324
4487 2328
4487 2330
4487 2345
4487 2357
4487 2382
4487 2384
4487 2387
4487 2412
4487 2414
4487 2418
4487 2420
4487 2440
4487 2468
4487 2472
4487 2477
4487 2479
4487 2489
4487 2506
4487 2512
4487 2513
4487 2535
4487 2563
4487 2577
4487 2587
4487 2588
4487 2594
4487 2613
4487 2639
4487 2641
4487 2646
4487 2654
4487 2675
4487 2677
4487 2698
4487 2699
4487 2700
4487 2703
4487 2705
4487 2710
4487 2720
4487 2730
4487 2744
4487 2768
4487 2773
4487 2776
4487 2780
4487 2782
4487 2801
4487 2836
4487 2842
4487 2874
4487 2878
4487 2880
4487 2884
4487 2896
4487 2902
4487 2935
4487 2949
4487 2954
4487 2977
4487 2980
4487 2985
4487 2988
4487 3031
4487 3036
4487 3060
4487 3061
4487 3063
4487 3084
4487 3085
4487 3089
4487 3121
4487 3125
4487 3137
4487 3138
4487 3163
4487 3180
4487 3193
4487 3232
4487 3234
4487 3247
4487 3249
4487 3263
4487 3277
4487 3290
4487 3301
4487 3324
4487 3336
4487 3346
4487 3359
4487 3362
4487 3421
4487 3456
4487 3475
4487 3476
4487 3482
4487 3491
4487 3514
4487 3518
4487 3524
4487 3531
4487 3532
4487 3536
4487 3541
4487 3557
4487 3578
4487 3581
4487 3588
4487 3591
4487 3602
4487 3611
4487 3612
4487 3635
4487 3643
4487 3653
4487 3663
4487 3668
4487 3721
4487 3741
4487 3745
4487 3748
4487 3753
4487 3754
4487 3768
4487 3780
4487 3785
4487 3791
4487 3796
4487 3824
4487 3835
4487 3844
4487 3866
4487 3896
4487 3914
4487 3922
4487 3930
4487 3933
4487 3936
4487 3945
4487 3980
4487 3994
4487 4006
4487 4007
4487 4013
4487 4026
4487 4031
4487 4036
4487 4049
4487 4051
4487 4066
4487 4079
4487 4082
4487 4095
4487 4103
4487 4104
4487 4111
4487 4113
4487 4138
4487 4145
4487 4171
4487 4172
4487 4175
4487 4177
4487 4221
4487 4248
4487 4256
4487 4258
4487 4266
4487 4275
4487 4278
4487 4279
4487 4282
4487 4286
4487 4291
4487 4294
4487 4297
4487 4314
4487 4331
4487 4335
4487 4336
4487 4371
4487 4383
4487 4389
4487 4406
4487 4412
4487 4423
4487 4427
4487 4434
4487 4435
4487 4438
4487 4443
4487 4451
4487 4453
4487 4471
4487 4493
4487 4494
4487 4499
4487 4509
4487 4510
4487 4527
4487 4537
4487 4538
4487 4541
4487 4556
4487 4570
4487 4571
4487 4572
4487 4580
4487 4590
4487 4618
4487 4624
4487 4630
4487 4650
4487 4663
4487 4678
4487 4693
4487 4710
4487 4722
4487 4725
4487 4739
4487 4774
4487 4785
4487 4787
4487 4799
4487 4806
4487 4808
4487 4827
4487 4839
4487 4841
4487 4846
4487 4850
4487 4856
4487 4874
4487 4875
4487 4879
4487 4892
4487 4893
4487 4895
4487 4915
4487 4927
4487 4936
4487 4944
4487 4957
4487 4964
4487 5001
4487 5021
4487 5053
4487 5058
4487 5068
4487 5105
4487 5125
4487 5141
4487 5171
4487 5176
4487 5178
4487 5189
4487 5190
4487 5199
4487 5204
4487 5216
4487 5226
4487 5229
4487 5233
4487 5241
4487 5257
4487 5258
4487 5264
4487 5279
4487 5287
4487 5326
4487 5330
4487 5343
4487 5350
4487 5375
4487 5377
4487 5383
4487 5391
4487 5395
4487 5418
4487 5427
4487 5448
4487 5450
4487 5453
4487 5475
4487 5479
4487 5480
4487 5500
4487 5506
4487 5515
4487 5521
4487 5523
4487 5534
4487 5550
4487 5557
4487 5562
4487 5570
4487 5574
4487 5584
4487 5591
4487 5598
4487 5601
4487 5625
4487 5629
4487 5638
4487 5642
4487 5644
4487 5645
4487 5650
4487 5660
4487 5662
4487 5671
4487 5672
4487 5687
4487 5713
4487 5717
4487 5725
4487 5735
4487 5753
4487 5756
4487 5764
4487 5772
4487 5776
4487 5780
4487 5788
4487 5804
4487 5831
4487 5834
4487 5838
4487 5843
4487 5852
4487 5868
4487 5874
4487 5889
4487 5922
4487 5923
4487 5930
4487 5969
4487 5972
4487 5983
4487 6004
4487 6016
4487 6026
4487 6035
4487 6041
4487 6071
4487 6100
4487 6120
4487 6125
4487 6144
4487 6150
4487 6154
4487 6169
4487 6173
4487 6176
4487 6181
4487 6196
4487 6200
4487 6208
4487 6212
4487 6213
4487 6223
4487 6248
4487 6263
4487 6270
4487 6297
4487 6310
4487 6315
4487 6318
4487 6329
4487 6334
4487 6372
4487 6406
4487 6412
4487 6423
4487 6431
4487 6438
4487 6447
4487 6455
4487 6460
4487 6465
4487 6466
4487 6476
4487 6489
4487 6490
4487 6492
4487 6494
4487 6495
4487 6500
4487 6511
4487 6512
4487 6531
4487 6535
4487 6538
4487 6582
4487 6584
4487 6603
4487 6606
4487 6615
4487 6628
4487 6629
4487 6642
4487 6660
4487 6665
4487 6671
4487 6678
4487 6686
4487 6696
4487 6707
12 3329
3329 118
3329 143
3329 154
3329 233
3329 250
3329 262
3329 274
3329 279
3329 346
3329 368
3329 385
3329 431
3329 476
3329 494
3329 676
3329 723
3329 747
3329 752
3329 786
3329 839
3329 847
3329 959
3329 966
3329 1062
3329 1072
3329 1074
3329 1087
3329 1100
3329 1135
3329 1149
3329 1162
3329 1178
3329 1216
3329 1219
3329 1415
3329 1429
3329 1455
3329 1497
3329 1546
3329 1641
3329 1663
3329 1692
3329 1825
3329 1840
3329 1869
3329 1917
3329 1951
3329 2080
3329 2136
3329 2272
3329 2273
3329 2280
3329 2315
3329 2317
3329 2421
3329 2443
3329 2449
3329 2515
3329 2551
3329 2556
3329 2612
3329 2634
3329 2684
3329 2696
3329 2972
3329 3056
3329 3058
3329 3079
3329 3124
3329 3135
3329 3145
3329 3170
3329 3192
3329 3365
3329 3445
3329 3452
3329 3484
3329 3492
3329 3534
3329 3550
3329 3613
3329 3627
3329 3664
3329 3665
3329 3670
3329 3682
3329 3744
3329 3789
3329 3864
3329 3869
3329 3882
3329 4093
3329 4232
3329 4280
3329 4346
3329 4350
3329 4353
3329 4360
3329 4524
3329 4545
3329 4550
3329 4574
3329 4647
3329 4659
3329 4677
3329 4715
3329 4736
3329 4764
3329 4775
3329 4953
3329 5043
3329 5100
3329 5120
3329 5128
3329 5192
3329 5219
3329 5256
3329 5270
3329 5277
3329 5290
3329 5348
3329 5369
3329 5422
3329 5437
3329 5443
3329 5445
3329 5472
3329 5566
3329 5597
3329 5608
3329 5648
3329 5670
3329 5732
3329 5736
3329 5760
3329 5779
3329 5786
3329 5849
3329 5862
3329 5915
3329 5949
3329 5990
3329 6042
3329 6087
3329 6128
3329 6165
3329 6189
3329 6235
3329 6304
3329 6372
3329 6396
3329 6410
3329 6443
13 1128
13 3720
1128 33
1128 64
1128 138
1128 182
1128 211
1128 227
1128 248
1128 353
1128 398
1128 428
1128 429
1128 439
1128 652
1128 775
1128 791
1128 851
1128 1028
1128 1041
1128 1048
1128 1093
1128 1292
1128 1343
1128 1420
1128 1446
1128 1471
1128 1510
1128 1706
1128 1728
1128 1733
1128 1904
1128 1907
1128 1956
1128 2009
1128 2018
1128 2021
1128 2233
1128 2394
1128 2405
1128 2444
1128 2483
1128 2494
1128 2532
1128 2560
1128 2640
1128 2679
1128 2732
1128 2790
1128 2798
1128 2804
1128 2894
1128 2905
1128 2930
1128 2932
1128 2995
1128 3000
1128 3022
1128 3090
1128 3143
1128 3150
1128 3287
1128 3341
1128 3444
1128 3645
1128 3656
1128 3747
1128 3752
1128 3792
1128 3802
1128 3855
1128 3860
1128 3978
1128 4062
1128 4084
1128 4094
1128 4141
1128 4252
1128 4292
1128 4402
1128 4403
1128 4433
1128 4568
1128 4596
1128 4608
1128 4667
1128 4682
1128 4703
1128 4705
1128 4754
1128 4845
1128 4986
1128 4993
1128 5036
1128 5038
1128 5084
1128 5185
1128 5222
1128 5268
1128 5270
1128 5278
1128 5310
1128 5340
1128 5411
1128 5417
1128 5423
1128 5551
1128 5620
1128 5693
1128 5726
1128 5771
1128 5778
1128 5815
1128 5939
1128 5950
1128 5980
1128 6004
1128 6121
1128 6129
1128 6135
1128 6145
1128 6242
1128 6267
1128 6282
1128 6326
1128 6349
1128 6462
1128 6552
1128 6574
1128 6596
1128 6640
1128 6651
3720 255
3720 800
3720 1390
3720 2153
3720 2379
3720 2933
3720 3271
3720 3649
3720 3661
3720 3705
3720 4156
3720 5605
14 908
14 1215
14 1433
14 2723
14 2864
14 3486
14 3642
14 4605
14 4981
14 4982
14 5113
14 5412
14 5926
14 6293
14 6308
14 6532
14 6627
14 6699
2723 1587
3642 5827
5412 1587
6293 1587
16 5129
5129 109
5129 474
5129 1297
5129 1438
5129 1698
5129 1868
5129 2113
5129 2337
5129 3418
5129 3906
5129 4164
5129 4671
5129 4847
5129 4939
5129 5488
17 5022
5022 201
5022 354
5022 601
5022 619
5022 643
5022 662
5022 891
5022 892
5022 941
5022 953
5022 964
5022 1299
5022 1304
5022 1431
5022 1589
5022 1862
5022 1863
5022 1916
5022 1962
5022 1969
5022 2174
5022 2242
5022 2295
5022 2422
5022 2455
5022 2516
5022 2607
5022 2775
5022 2895
5022 2925
5022 2997
5022 3216
5022 3288
5022 3474
5022 3690
5022 3870
5022 3919
5022 4075
5022 4200
5022 4255
5022 4269
5022 4291
5022 4646
5022 4914
5022 4940
5022 5027
5022 5228
5022 5509
5022 5541
5022 5759
5022 5857
5022 6099
5022 6133
5022 6295
5022 6653
18 585
19 2032
2032 101
2032 222
2032 265
2032 356
2032 382
2032 384
2032 407
2032 417
2032 608
2032 692
2032 707
2032 708
2032 821
2032 961
2032 1075
2032 1209
2032 1352
2032 1466
2032 1529
2032 1567
2032 1690
2032 2213
2032 2230
2032 2269
2032 2274
2032 2370
2032 2410
2032 2586
2032 2591
2032 2721
2032 2839
2032 2862
2032 2907
2032 2970
2032 3033
2032 3177
2032 3447
2032 3459
2032 3460
2032 3615
2032 3628
2032 3634
2032 3641
2032 3651
2032 3740
2032 4116
2032 4234
2032 4381
2032 4385
2032 4459
2032 4469
2032 4497
2032 4692
2032 4704
2032 4792
2032 4824
2032 4942
2032 5051
2032 5201
2032 5214
2032 5236
2032 5255
2032 5364
2032 5549
2032 5627
2032 5680
2032 5762
2032 5789
2032 5912
2032 5934
2032 5984
2032 6038
2032 6124
2032 6149
2032 6166
2032 6587
2032 6626
2032 6697
2032 6706
20 5156
5156 50
5156 123
5156 194
5156 401
5156 441
5156 488
5156 597
5156 613
5156 715
5156 905
5156 1039
5156 1172
5156 1302
5156 1365
5156 1596
5156 1650
5156 1776
5156 1812
5156 1875
5156 2048
5156 2098
5156 2135
5156 2231
5156 2469
5156 2481
5156 2953
5156 3236
5156 3500
5156 3603
5156 3669
5156 3808
5156 3809
5156 3883
5156 3941
5156 3943
5156 3979
5156 3989
5156 4026
5156 4053
5156 4123
5156 4130
5156 4183
5156 4447
5156 4901
5156 5052
5156 5213
5156 5461
5156 5603
5156 5648
5156 5691
5156 5782
5156 5907
5156 5913
5156 6066
5156 6317
5156 6458
5156 6528
5156 6554
22 6446
6446 37
6446 44
6446 140
6446 166
6446 319
6446 487
6446 500
6446 529
6446 543
6446 663
6446 711
6446 759
6446 812
6446 818
6446 925
6446 928
6446 954
6446 1045
6446 1153
6446 1155
6446 1181
6446 1187
6446 1231
6446 1243
6446 1337
6446 1372
6446 1418
6446 1477
6446 1526
6446 1638
6446 1756
6446 1779
6446 1816
6446 1873
6446 1877
6446 1882
6446 1926
6446 1935
6446 1966
6446 2002
6446 2026
6446 2111
6446 2149
6446 2182
6446 2271
6446 2309
6446 2347
6446 2354
6446 2402
6446 2491
6446 2553
6446 2568
6446 2572
6446 2581
6446 2605
6446 2755
6446 2790
6446 2837
6446 2851
6446 2883
6446 2934
6446 2964
6446 3059
6446 3062
6446 3066
6446 3074
6446 3219
6446 3298
6446 3321
6446 3340
6446 3342
6446 3382
6446 3526
6446 3527
6446 3605
6446 3737
6446 3766
6446 3869
6446 3979
6446 3984
6446 4167
6446 4184
6446 4375
6446 4399
6446 4416
6446 4431
6446 4460
6446 4474
6446 4567
6446 4619
6446 4625
6446 4769
6446 4833
6446 4869
6446 4899
6446 4937
6446 5091
6446 5142
6446 5183
6446 5200
6446 5206
6446 5248
6446 5259
6446 5302
6446 5471
6446 5536
6446 5558
6446 5565
6446 5628
6446 5674
6446 5704
6446 5815
6446 5920
6446 5973
6446 5987
6446 6050
6446 6126
6446 6151
6446 6161
6446 6199
6446 6258
6446 6294
6446 6312
6446 6385
6446 6396
6446 6403
6446 6425
6446 6454
6446 6536
6446 6689
23 1212
1212 136
1212 922
1212 1139
1212 1201
1212 1207
1212 1358
1212 1504
1212 1660
1212 1944
1212 2000
1212 2188
1212 2245
1212 2287
1212 2692
1212 2745
1212 2857
1212 3154
1212 3889
1212 4040
1212 5539
1212 6137
1212 6194
1212 6233
1212 6382
1212 6438
25 1849
1849 253
1849 337
1849 785
1849 1084
1849 1534
1849 1539
1849 2911
1849 3246
1849 3366
1849 3477
1849 4559
1849 4733
1849 5732
1849 6473
27 193
193 68
193 117
193 120
193 131
193 164
193 168
193 178
193 183
193 192
193 238
193 259
193 287
193 290
193 339
193 357
193 360
193 377
193 386
193 410
193 434
193 457
193 475
193 505
193 521
193 535
193 539
193 544
193 548
193 598
193 628
193 643
193 656
193 667
193 674
193 700
193 705
193 792
193 830
193 838
193 849
193 864
193 865
193 872
193 902
193 915
193 927
193 965
193 978
193 1022
193 1033
193 1034
193 1059
193 1064
193 1068
193 1078
193 1102
193 1107
193 1114
193 1115
193 1122
193 1140
193 1142
193 1170
193 1184
193 1223
193 1239
193 1261
193 1278
193 1291
193 1317
193 1341
193 1346
193 1428
193 1455
193 1457
193 1470
193 1484
193 1489
193 1502
193 1506
193 1508
193 1513
193 1514
193 1545
193 1546
193 1553
193 1557
193 1600
193 1623
193 1633
193 1642
193 1647
193 1661
193 1669
193 1691
193 1698
193 1699
193 1710
193 1713
193 1725
193 1740
193 1744
193 1752
193 1754
193 1767
193 1792
193 1794
193 1836
193 1840
193 1863
193 1878
193 1915
193 1958
193 1961
193 1969
193 1986
193 2025
193 2039
193 2080
193 2090
193 2094
193 2114
193 2129
193 2151
193 2152
193 2173
193 2185
193 2186
193 2191
193 2204
193 2212
193 2216
193 2218
193 2234
193 2237
193 2252
193 2276
193 2331
193 2341
193 2369
193 2396
193 2397
193 2399
193 2417
193 2435
193 2460
193 2482
193 2499
193 2538
193 2561
193 2562
193 2575
193 2626
193 2643
193 2652
193 2669
193 2670
193 2687
193 2688
193 2704
193 2724
193 2726
193 2729
193 2740
193 2769
193 2770
193 2795
193 2818
193 2820
193 2828
193 2845
193 2868
193 2870
193 2903
193 2946
193 2948
193 2951
193 2986
193 2998
193 3009
193 3047
193 3080
193 3099
193 3106
193 3127
193 3128
193 3153
193 3185
193 3194
193 3205
193 3217
193 3223
193 3269
193 3297
193 3299
193 3300
193 3368
193 3408
193 3433
193 3445
193 3451
193 3484
193 3496
193 3506
193 3513
193 3539
193 3561
193 3601
193 3619
193 3644
193 3657
193 3696
193 3698
193 3736
193 3756
193 3759
193 3803
193 3816
193 3820
193 3842
193 3884
193 3897
193 3900
193 3912
193 3917
193 3949
193 3994
193 4003
193 4059
193 4072
193 4074
193 4078
193 4092
193 4134
193 4142
193 4219
193 4222
193 4233
193 4246
193 4296
193 4299
193 4303
193 4355
193 4367
193 4391
193 4404
193 4446
193 4463
193 4500
193 4520
193 4526
193 4564
193 4584
193 4595
193 4600
193 4621
193 4629
193 4640
193 4642
193 4695
193 4700
193 4707
193 4728
193 4743
193 4766
193 4768
193 4770
193 4776
193 4798
193 4809
193 4832
193 4836
193 4871
193 4887
193 4903
193 4939
193 4951
193 4967
193 4976
193 4999
193 5017
193 5020
193 5048
193 5049
193 5072
193 5122
193 5124
193 5140
193 5150
193 5167
193 5186
193 5207
193 5232
193 5246
193 5265
193 5283
193 5301
193 5365
193 5374
193 5376
193 5386
193 5414
193 5469
193 5514
193 5522
193 5572
193 5592
193 5599
193 5617
193 5618
193 5619
193 5630
193 5703
193 5715
193 5733
193 5768
193 5787
193 5839
193 5842
193 5867
193 5870
193 5896
193 5906
193 5941
193 5946
193 5953
193 5954
193 5958
193 5959
193 5964
193 5968
193 6030
193 6052
193 6054
193 6078
193 6081
193 6088
193 6114
193 6116
193 6142
193 6146
193 6147
193 6163
193 6165
193 6172
193 6188
193 6197
193 6206
193 6219
193 6220
193 6230
193 6274
193 6275
193 6286
193 6299
193 6305
193 6405
193 6415
193 6429
193 6433
193 6436
193 6467
193 6485
193 6565
193 6578
193 6595
193 6618
193 6656
193 6661
193 6701
193 6712
28 1829
1829 34
1829 108
1829 134
1829 188
1829 200
1829 452
1829 493
1829 511
1829 513
1829 560
1829 649
1829 787
1829 815
1829 866
1829 992
1829 1047
1829 1098
1829 1112
1829 1185
1829 1375
1829 1434
1829 1551
1829 1609
1829 1617
1829 1922
1829 1942
1829 2248
1829 2305
1829 2320
1829 2367
1829 2457
1829 2540
1829 2797
1829 2825
1829 2936
1829 2951
1829 3355
1829 3394
1829 3465
1829 3525
1829 3556
1829 3632
1829 3668
1829 3672
1829 3708
1829 3710
1829 3745
1829 3787
1829 3821
1829 3863
1829 3911
1829 4168
1829 4303
1829 4496
1829 4549
1829 4606
1829 4674
1829 4962
1829 5037
1829 5285
1829 5311
1829 5325
1829 5344
1829 5486
1829 5729
1829 5989
1829 6046
1829 6064
1829 6077
1829 6206
1829 6226
1829 6259
1829 6331
1829 6597
1829 6672
31 1587
31 3543
31 6328
1587 199
1587 202
1587 369
1587 388
1587 443
1587 569
1587 684
1587 690
1587 849
1587 948
1587 978
1587 989
1587 1063
1587 1300
1587 1321
1587 1628
1587 1751
1587 1870
1587 1920
1587 2283
1587 2442
1587 2465
1587 2685
1587 2819
1587 3202
1587 3313
1587 3746
1587 3971
1587 4410
1587 4600
1587 4708
1587 4776
1587 5042
1587 5096
1587 5284
1587 5350
1587 5708
1587 5713
1587 5775
1587 6139
1587 6298
1587 6537
3543 488
3543 673
3543 2712
3543 2994
3543 3072
3543 3495
3543 4139
3543 4989
3543 5350
3543 6119
3543 6289
3543 6367
6328 57
6328 112
6328 202
6328 252
6328 258
6328 443
6328 464
6328 687
6328 699
6328 726
6328 841
6328 1200
6328 1270
6328 1363
6328 1818
6328 2014
6328 2076
6328 2079
6328 2339
6328 2629
6328 2819
6328 2943
6328 2969
6328 3133
6328 3202
6328 3213
6328 3313
6328 3426
6328 3495
6328 3546
6328 3965
6328 3971
6328 4012
6328 4708
6328 4885
6328 4945
6328 5004
6328 5070
6328 5073
6328 5208
6328 5210
6328 5347
6328 5350
6328 5381
6328 5398
6328 5436
6328 5615
6328 5747
6328 5765
6328 5859
6328 5908
6328 5910
6328 5967
6328 6006
6328 6231
6328 6570
32 998
998 1134
998 1841
998 2299
998 2576
998 3915
998 5144
35 4441
35 6368
4441 36
4441 37
4441 39
4441 46
4441 66
4441 75
4441 96
4441 107
4441 115
4441 121
4441 140
4441 165
4441 166
4441 169
4441 179
4441 239
4441 256
4441 257
4441 264
4441 276
4441 287
4441 304
4441 312
4441 313
4441 319
4441 320
4441 321
4441 326
4441 331
4441 349
4441 350
4441 355
4441 363
4441 365
4441 385
4441 394
4441 397
4441 405
4441 412
4441 423
4441 445
4441 450
4441 494
4441 529
4441 565
4441 570
4441 573
4441 576
4441 663
4441 668
4441 669
4441 694
4441 698
4441 770
4441 772
4441 796
4441 801
4441 818
4441 819
4441 822
4441 829
4441 833
4441 840
4441 857
4441 873
4441 903
4441 914
4441 918
4441 937
4441 958
4441 990
4441 1007
4441 1035
4441 1104
4441 1105
4441 1117
4441 1118
4441 1155
4441 1221
4441 1225
4441 1232
4441 1263
4441 1265
4441 1310
4441 1369
4441 1373
4441 1393
4441 1427
4441 1474
4441 1477
4441 1480
4441 1481
4441 1511
4441 1535
4441 1547
4441 1578
4441 1579
4441 1594
4441 1604
4441 1652
4441 1662
4441 1665
4441 1670
4441 1730
4441 1750
4441 1778
4441 1786
4441 1789
4441 1790
4441 1799
4441 1879
4441 1898
4441 1901
4441 1902
4441 1917
4441 1926
4441 1931
4441 1943
4441 1965
4441 1966
4441 1993
4441 2002
4441 2037
4441 2082
4441 2099
4441 2115
4441 2120
4441 2149
4441 2170
4441 2219
4441 2244
4441 2336
4441 2343
4441 2347
4441 2357
4441 2377
4441 2389
4441 2401
4441 2415
4441 2419
4441 2432
4441 2452
4441 2462
4441 2475
4441 2491
4441 2493
4441 2502
4441 2544
4441 2549
4441 2553
4441 2570
4441 2572
4441 2582
4441 2621
4441 2622
4441 2671
4441 2672
4441 2701
4441 2735
4441 2788
4441 2806
4441 2810
4441 2837
4441 2841
4441 2851
4441 2852
4441 2854
4441 2858
4441 2866
4441 2892
4441 2916
4441 2937
4441 2956
4441 2986
4441 2996
4441 2999
4441 3003
4441 3016
4441 3028
4441 3032
4441 3038
4441 3079
4441 3087
4441 3092
4441 3098
4441 3136
4441 3145
4441 3184
4441 3189
4441 3203
4441 3219
4441 3230
4441 3245
4441 3248
4441 3251
4441 3262
4441 3289
4441 3291
4441 3306
4441 3315
4441 3337
4441 3342
4441 3377
4441 3380
4441 3388
4441 3453
4441 3470
4441 3492
4441 3499
4441 3516
4441 3521
4441 3565
4441 3571
4441 3587
4441 3667
4441 3676
4441 3712
4441 3758
4441 3784
4441 3795
4441 3806
4441 3814
4441 3832
4441 3854
4441 3859
4441 3891
4441 3893
4441 3902
4441 3910
4441 3955
4441 3974
4441 3979
4441 3982
4441 3986
4441 3999
4441 4060
4441 4097
4441 4118
4441 4126
4441 4135
4441 4154
4441 4158
4441 4185
4441 4193
4441 4208
4441 4211
4441 4224
4441 4260
4441 4309
4441 4313
4441 4330
4441 4339
4441 4368
4441 4369
4441 4375
4441 4392
4441 4432
4441 4444
4441 4474
4441 4531
4441 4573
4441 4593
4441 4625
4441 4632
4441 4637
4441 4661
4441 4676
4441 4684
4441 4735
4441 4786
4441 4795
4441 4796
4441 4797
4441 4823
4441 4834
4441 4844
4441 4900
4441 4904
4441 4924
4441 4932
4441 4996
4441 5030
4441 5032
4441 5059
4441 5060
4441 5067
4441 5102
4441 5106
4441 5112
4441 5168
4441 5173
4441 5183
4441 5273
4441 5274
4441 5275
4441 5294
4441 5305
4441 5315
4441 5320
4441 5336
4441 5339
4441 5349
4441 5362
4441 5420
4441 5422
4441 5443
4441 5493
4441 5497
4441 5504
4441 5536
4441 5543
4441 5544
4441 5559
4441 5566
4441 5609
4441 5612
4441 5616
4441 5688
4441 5699
4441 5707
4441 5719
4441 5724
4441 5758
4441 5761
4441 5784
4441 5791
4441 5793
4441 5825
4441 5833
4441 5863
4441 5869
4441 5891
4441 5893
4441 5933
4441 5943
4441 5952
4441 5966
4441 5981
4441 5993
4441 6012
4441 6027
4441 6031
4441 6051
4441 6070
4441 6106
4441 6110
4441 6113
4441 6126
4441 6127
4441 6138
4441 6141
4441 6157
4441 6161
4441 6238
4441 6241
4441 6251
4441 6285
4441 6290
4441 6292
4441 6294
4441 6296
4441 6306
4441 6314
4441 6321
4441 6376
4441 6380
4441 6383
4441 6391
4441 6401
4441 6403
4441 6411
4441 6414
4441 6419
4441 6424
4441 6430
4441 6480
4441 6499
4441 6588
4441 6600
4441 6607
4441 6652
4441 6663
4441 6689
4441 6693
4441 6703
4441 6709
6368 78
6368 88
6368 142
6368 171
6368 172
6368 210
6368 317
6368 329
6368 374
6368 492
6368 527
6368 566
6368 571
6368 626
6368 641
6368 681
6368 727
6368 754
6368 850
6368 863
6368 877
6368 921
6368 926
6368 958
6368 971
6368 1013
6368 1050
6368 1136
6368 1141
6368 1235
6368 1315
6368 1325
6368 1355
6368 1395
6368 1435
6368 1482
6368 1547
6368 1657
6368 1692
6368 1715
6368 1742
6368 1759
6368 1769
6368 1817
6368 1823
6368 1827
6368 1833
6368 1883
6368 1912
6368 1955
6368 1995
6368 2030
6368 2042
6368 2057
6368 2059
6368 2169
6368 2172
6368 2179
6368 2197
6368 2243
6368 2258
6368 2307
6368 2312
6368 2319
6368 2358
6368 2439
6368 2448
6368 2458
6368 2539
6368 2546
6368 2574
6368 2609
6368 2649
6368 2728
6368 2744
6368 2754
6368 2822
6368 2827
6368 2838
6368 2923
6368 2924
6368 2978
6368 3081
6368 3091
6368 3162
6368 3174
6368 3201
6368 3311
6368 3425
6368 3459
6368 3497
6368 3505
6368 3528
6368 3558
6368 3595
6368 3600
6368 3621
6368 3716
6368 3793
6368 3826
6368 3831
6368 3862
6368 3903
6368 3953
6368 3981
6368 4021
6368 4025
6368 4036
6368 4058
6368 4107
6368 4120
6368 4124
6368 4133
6368 4153
6368 4241
6368 4274
6368 4305
6368 4377
6368 4420
6368 4461
6368 4495
6368 4523
6368 4563
6368 4598
6368 4622
6368 4625
6368 4627
6368 4649
6368 4759
6368 4788
6368 4844
6368 4890
6368 4918
6368 4978
6368 5000
6368 5039
6368 5090
6368 5133
6368 5196
6368 5209
6368 5253
6368 5256
6368 5289
6368 5314
6368 5383
6368 5420
6368 5429
6368 5491
6368 5553
6368 5583
6368 5593
6368 5606
6368 5675
6368 5679
6368 5767
6368 5819
6368 5858
6368 5910
6368 5934
6368 6005
6368 6049
6368 6062
6368 6073
6368 6140
6368 6168
6368 6296
6368 6323
6368 6503
6368 6586
6368 6592
6368 6622
6368 6624
6368 6648
38 4729
4729 97
4729 502
4729 794
4729 2091
4729 2318
4729 2326
4729 2631
4729 3280
4729 3555
4729 3733
4729 4534
4729 5329
4729 6037
4729 6302
40 2853
2853 318
2853 1163
2853 2487
2853 2587
2853 2683
2853 3600
2853 3979
2853 4039
2853 4156
2853 4365
2853 4738
2853 5158
2853 5162
2853 5571
2853 5810
2853 5826
2853 6018
42 5455
5455 51
5455 93
5455 130
5455 132
5455 133
5455 291
5455 334
5455 433
5455 460
5455 516
5455 615
5455 695
5455 715
5455 740
5455 745
5455 906
5455 920
5455 932
5455 933
5455 950
5455 979
5455 994
5455 995
5455 1014
5455 1129
5455 1167
5455 1189
5455 1274
5455 1559
5455 1855
5455 2022
5455 2049
5455 2060
5455 2161
5455 2180
5455 2218
5455 2227
5455 2261
5455 2275
5455 2296
5455 2566
5455 2736
5455 2756
5455 2809
5455 2869
5455 3042
5455 3086
5455 3264
5455 3284
5455 3309
5455 3353
5455 3480
5455 3566
5455 3724
5455 3779
5455 3828
5455 3895
5455 3935
5455 4008
5455 4044
5455 4189
5455 4196
5455 4263
5455 4388
5455 4440
5455 4536
5455 4724
5455 4853
5455 4896
5455 4966
5455 5114
5455 5136
5455 5166
5455 5217
5455 5269
5455 5446
5455 5607
5455 5636
5455 5637
5455 5639
5455 5695
5455 5700
5455 5774
5455 5840
5455 5880
5455 6153
5455 6174
5455 6177
5455 6195
5455 6209
5455 6255
5455 6307
5455 6461
5455 6534
5455 6549
5455 6568
5455 6620
5455 6658
43 6650
6650 67
6650 70
6650 147
6650 173
6650 324
6650 472
6650 477
6650 591
6650 638
6650 762
6650 852
6650 883
6650 934
6650 970
6650 1003
6650 1015
6650 1077
6650 1255
6650 1330
6650 1494
6650 1544
6650 1686
6650 1702
6650 1748
6650 1803
6650 1853
6650 1899
6650 1928
6650 2159
6650 2206
6650 2247
6650 2286
6650 2368
6650 2447
6650 2526
6650 2562
6650 2645
6650 2665
6650 2791
6650 2945
6650 2952
6650 2993
6650 3014
6650 3183
6650 3221
6650 3222
6650 3276
6650 3308
6650 3364
6650 3386
6650 3424
6650 3450
6650 3503
6650 3519
6650 3582
6650 3695
6650 3776
6650 3904
6650 4023
6650 4100
6650 4231
6650 4236
6650 4267
6650 4290
6650 4306
6650 4380
6650 4416
6650 4491
6650 4615
6650 4652
6650 4656
6650 4765
6650 4783
6650 4902
6650 5071
6650 5076
6650 5378
6650 5431
6650 5564
6650 5590
6650 5621
6650 5643
6650 5678
6650 5729
6650 5828
6650 5835
6650 5996
6650 6214
6650 6218
6650 6468
6650 6518
6650 6644
6650 6666
44 3318
44 4738
3318 320
3318 343
3318 1233
3318 3707
3318 4108
3318 4562
3318 5237
3318 5324
3318 5489
4738 126
4738 197
4738 247
4738 394
4738 514
4738 609
4738 620
4738 900
4738 935
4738 991
4738 1037
4738 1040
4738 1052
4738 1095
4738 1109
4738 1117
4738 1491
4738 1646
4738 1809
4738 1844
4738 1905
4738 1983
4738 2046
4738 2107
4738 2127
4738 2143
4738 2150
4738 2321
4738 2365
4738 2379
4738 2408
4738 2544
4738 2587
4738 2600
4738 2610
4738 2621
4738 2693
4738 2785
4738 2787
4738 2906
4738 2942
4738 3113
4738 3175
4738 3360
4738 3442
4738 3470
4738 3478
4738 3837
4738 3928
4738 3960
4738 3976
4738 3979
4738 4028
4738 4039
4738 4108
4738 4109
4738 4156
4738 4207
4738 4319
4738 4365
4738 4424
4738 4433
4738 4511
4738 4614
4738 4675
4738 4757
4738 4790
4738 4793
4738 4814
4738 4933
4738 4978
4738 5009
4738 5055
4738 5302
4738 5316
4738 5342
4738 5537
4738 5571
4738 5605
4738 5727
4738 5992
4738 6004
4738 6045
4738 6076
4738 6130
4738 6164
4738 6341
4738 6409
4738 6454
4738 6572
4738 6608
4738 6713
45 1677
45 2079
45 3202
45 3971
45 4577
45 4708
45 5096
49 60
49 219
49 348
49 404
49 473
49 486
49 591
49 715
49 736
49 1133
49 1403
49 1519
49 1736
49 1791
49 1930
49 2054
49 2498
49 2536
49 2545
49 2931
49 3144
49 3348
49 3448
49 3683
49 4080
49 4119
49 4213
49 4276
49 4690
49 4730
49 5093
49 5171
49 5548
49 5653
49 6345
49 6506
49 6514
715 553
715 3430
715 6115
52 5555
5555 1938
5555 2040
5555 2290
5555 6357
54 603
603 62
603 362
603 561
603 917
603 1108
603 2074
603 2335
603 2426
603 2490
603 2602
603 2835
603 2861
603 3096
603 3827
603 4508
603 4820
603 5309
603 6047
61 807
807 110
807 152
807 170
807 177
807 224
807 236
807 240
807 273
807 308
807 351
807 411
807 413
807 437
807 519
807 526
807 563
807 596
807 647
807 727
807 733
807 749
807 817
807 910
807 938
807 945
807 968
807 971
807 975
807 1066
807 1082
807 1121
807 1138
807 1151
807 1168
807 1205
807 1213
807 1218
807 1241
807 1253
807 1282
807 1283
807 1314
807 1332
807 1350
807 1359
807 1360
807 1402
807 1468
807 1598
807 1611
807 1645
807 1658
807 1857
807 1889
807 1909
807 1914
807 1997
807 2016
807 2027
807 2055
807 2070
807 2071
807 2160
807 2184
807 2226
807 2253
807 2297
807 2336
807 2347
807 2360
807 2364
807 2378
807 2423
807 2463
807 2466
807 2529
807 2531
807 2533
807 2555
807 2615
807 2762
807 2834
807 2928
807 2989
807 3045
807 3050
807 3057
807 3102
807 3139
807 3141
807 3145
807 3151
807 3295
807 3303
807 3319
807 3330
807 3372
807 3406
807 3412
807 3432
807 3537
807 3563
807 3579
807 3594
807 3616
807 3637
807 3648
807 3662
807 3688
807 3703
807 3738
807 3750
807 3751
807 3818
807 3877
807 3916
807 3951
807 3972
807 4007
807 4034
807 4043
807 4120
807 4165
807 4182
807 4188
807 4201
807 4227
807 4268
807 4344
807 4374
807 4376
807 4426
807 4560
807 4569
807 4594
807 4639
807 4653
807 4654
807 4701
807 4709
807 4800
807 4803
807 4816
807 4828
807 4829
807 4849
807 4890
807 4919
807 5088
807 5090
807 5169
807 5205
807 5223
807 5251
807 5280
807 5409
807 5438
807 5457
807 5460
807 5519
807 5534
807 5547
807 5553
807 5589
807 5627
807 5745
807 5755
807 5806
807 5814
807 5855
807 5882
807 5905
807 5944
807 5979
807 6000
807 6056
807 6058
807 6092
807 6108
807 6204
807 6207
807 6210
807 6247
807 6253
807 6276
807 6287
807 6289
807 6300
807 6386
807 6393
807 6464
807 6468
807 6502
807 6513
807 6515
807 6550
807 6569
807 6614
807 6616
807 6631
807 6680
63 1081
1081 288
1081 793
1081 1061
1081 1307
1081 1656
1081 2303
1081 2899
1081 3037
1081 3314
1081 3515
1081 3547
1081 3800
1081 4016
1081 4071
1081 4200
1081 4588
1081 4589
1081 4916
1081 5783
1081 6295
1081 6337
1081 6463
1081 6667
65 1984
1984 187
1984 559
1984 742
1984 898
1984 1049
1984 1227
1984 1277
1984 1281
1984 1324
1984 1402
1984 1409
1984 1503
1984 1541
1984 1627
1984 1787
1984 1897
1984 1898
1984 1949
1984 1988
1984 2007
1984 2065
1984 2075
1984 2146
1984 2445
1984 2518
1984 2524
1984 2629
1984 2637
1984 2678
1984 2799
1984 2823
1984 2966
1984 3024
1984 3260
1984 3622
1984 3684
1984 3836
1984 4020
1984 4465
1984 4602
1984 4668
1984 5193
1984 5231
1984 5463
1984 5495
1984 5546
1984 5590
1984 5666
1984 5808
1984 5879
1984 6061
1984 6340
1984 6483
1984 6501
1984 6551
1984 6636
1984 6683
69 144
144 128
144 802
144 1193
144 1550
144 1625
144 1679
144 1768
144 1832
144 2323
144 2372
144 2784
144 2831
144 3046
144 3511
144 4141
144 4203
144 4239
144 4272
144 4433
144 5109
144 5342
144 5379
144 5470
144 5503
144 5602
144 5658
144 5844
144 5877
144 6104
144 6339
144 6422
72 5288
5288 2121
5288 2717
5288 3830
5288 5279
5288 5731
5288 6218
77 1160
77 1293
77 2694
77 2714
77 2733
77 2766
77 3123
77 3335
77 4250
77 4710
77 4758
77 5068
77 6002
77 6115
77 6645
1293 6115
4250 6115
6115 2004
6115 2242
6115 3430
6115 3564
6115 4990
80 3316
3316 735
3316 844
3316 1304
3316 1581
3316 1851
3316 2093
3316 2342
3316 2663
3316 2719
3316 3268
3316 3274
3316 4014
3316 4394
3316 4753
3316 5047
3316 5131
3316 5203
3316 5563
3316 5661
3316 5714
3316 6095
83 3430
3430 524
3430 1381
3430 2485
3430 2833
3430 2960
3430 3242
3430 3576
3430 3864
3430 4265
3430 4914
3430 5078
3430 5484
3430 5935
85 5919
5919 100
5919 191
5919 269
5919 303
5919 342
5919 381
5919 451
5919 459
5919 509
5919 537
5919 606
5919 622
5919 630
5919 686
5919 790
5919 825
5919 940
5919 1130
5919 1268
5919 1275
5919 1318
5919 1338
5919 1348
5919 1388
5919 1454
5919 1520
5919 1560
5919 1747
5919 1864
5919 1867
5919 2101
5919 2166
5919 2171
5919 2177
5919 2249
5919 2266
5919 2284
5919 2338
5919 2446
5919 2764
5919 2774
5919 2922
5919 2941
5919 3008
5919 3211
5919 3244
5919 3250
5919 3303
5919 3343
5919 3466
5919 3573
5919 3706
5919 3765
5919 3819
5919 3846
5919 3887
5919 4029
5919 4037
5919 4159
5919 4218
5919 4264
5919 4372
5919 4390
5919 4398
5919 4416
5919 4445
5919 4454
5919 4647
5919 4688
5919 4696
5919 4733
5919 4818
5919 4925
5919 4992
5919 5118
5919 5199
5919 5212
5919 5238
5919 5368
5919 5425
5919 5437
5919 5508
5919 5512
5919 5588
5919 5611
5919 5684
5919 5740
5919 5803
5919 5822
5919 5860
5919 5956
5919 6043
5919 6187
5919 6206
5919 6288
5919 6381
5919 6402
5919 6466
5919 6544
87 246
87 381
87 644
87 885
87 1402
87 1414
87 1772
87 1934
87 2056
87 2194
87 2250
87 2548
87 2914
87 3053
87 3159
87 3390
87 3629
87 3874
87 4273
87 4277
87 4452
87 4533
87 4778
87 4825
87 5676
87 5854
87 6264
87 6325
87 6497
87 6525
381 454
381 5191
4778 4872
4825 5303
89 4027
4027 592
4027 981
4027 1001
4027 1404
4027 1475
4027 1479
4027 1548
4027 1599
4027 1615
4027 1793
4027 2017
4027 2373
4027 2436
4027 2711
4027 2849
4027 2879
4027 2891
4027 2938
4027 2963
4027 3122
4027 3328
4027 3411
4027 3432
4027 3454
4027 3469
4027 3698
4027 4032
4027 4064
4027 4343
4027 4488
4027 4923
4027 5152
4027 5382
4027 5530
4027 6301
4027 6539
4027 6659
4027 6685
91 2053
2053 234
2053 264
2053 599
2053 602
2053 634
2053 643
2053 766
2053 770
2053 802
2053 828
2053 842
2053 900
2053 1117
2053 1262
2053 1355
2053 1422
2053 1802
2053 1862
2053 2199
2053 2314
2053 2527
2053 2544
2053 2621
2053 2680
2053 2816
2053 3110
2053 3188
2053 3204
2053 3272
2053 3792
2053 3979
2053 4015
2053 4156
2053 4200
2053 4373
2053 4914
2053 4978
2053 4990
2053 5250
2053 5292
2053 5302
2053 5318
2053 5416
2053 5537
2053 5635
2053 5975
2053 5992
2053 6193
2053 6401
2053 6439
2053 6700
94 834
94 1890
94 6451
834 137
834 261
834 363
834 415
834 504
834 549
834 748
834 1017
834 1051
834 1512
834 1653
834 2176
834 2236
834 2291
834 2429
834 2596
834 2751
834 2926
834 3002
834 3049
834 3167
834 3198
834 3220
834 3459
834 3781
834 3799
834 3811
834 3934
834 3991
834 3996
834 4085
834 4098
834 4600
834 4810
834 4842
834 5648
834 5934
834 6057
834 6105
1890 141
1890 1288
1890 1714
1890 1773
1890 1862
1890 2763
1890 3043
1890 3512
1890 4628
1890 6011
1890 6112
1890 6295
1890 6649
6451 145
6451 201
6451 2081
6451 2404
6451 2763
6451 3270
6451 3373
6451 5225
6451 6208
6451 6530
6451 6590
95 5610
5610 481
5610 1518
5610 1521
5610 3322
5610 3667
5610 4727
5610 5478
5610 6033
98 671
98 2682
98 3013
98 3041
98 3476
98 3575
98 3625
98 3763
98 4737
98 4830
98 5951
98 6387
98 6405
105 6041
6041 718
6041 970
6041 1522
6041 1538
6041 3267
6041 4995
6041 5432
6041 5912
6041 6320
113 1453
1453 2621
1453 3577
1453 4046
1453 4855
124 3464
3464 804
3464 1192
3464 1262
3464 1442
3464 1675
3464 1683
3464 1704
3464 1842
3464 1862
3464 2242
3464 2513
3464 2621
3464 3204
3464 3208
3464 5045
3464 5433
3464 5799
3464 6209
3464 6575
125 4913
4913 271
4913 480
4913 1191
4913 1644
4913 1676
4913 2572
4913 4756
4913 4877
4913 5245
126 4067
4067 234
4067 426
4067 766
4067 977
4067 1117
4067 1146
4067 1834
4067 1968
4067 1982
4067 2069
4067 2642
4067 2942
4067 3203
4067 3979
4067 4004
4067 4049
4067 4242
4067 4365
4067 4592
4067 4924
4067 4947
4067 5292
4067 5302
4067 5613
4067 5781
4067 5821
4067 5869
4067 6018
129 195
129 311
129 359
129 778
129 1495
129 2011
129 4480
129 5483
129 5690
1550 4812
1768 4017
5379 4017
5470 1357
5877 820
148 982
148 1357
148 4017
982 458
982 470
982 538
982 706
982 1229
982 1271
982 2336
982 2585
982 3565
982 3572
982 4378
982 4516
982 5685
982 6097
1357 1067
1357 1780
1357 1856
1357 2676
1357 4266
1357 4689
1357 5975
1357 6704
4017 991
4017 1487
4017 1859
4017 2888
4017 3805
4017 5302
4017 5466
4017 5513
4017 6080
4017 6585
149 5458
5458 296
5458 1722
5458 5209
5458 5659
151 4164
151 6019
4164 3785
6019 6208
156 803
156 4843
157 3538
3538 221
3538 1027
3538 1337
3538 1367
3538 1925
3538 2160
3538 2222
3538 2921
3538 3304
3538 3419
3538 3741
3538 3838
3538 4501
3538 4645
3538 5148
3538 5394
3538 6034
159 5252
5252 1806
5252 4312
5252 4929
160 6201
6201 1073
6201 1185
6201 3307
6201 3481
6201 3700
6201 4204
6201 6273
161 4018
162 4760
4760 328
4760 3427
4760 3639
4760 3807
4760 3852
4760 4311
4760 4416
4760 4419
4760 4634
4760 4751
4760 5357
4760 6378
174 2881
2881 294
2881 534
2881 648
2881 1423
2881 1490
2881 1523
2881 1659
2881 1672
2881 1955
2881 2240
2881 2850
2881 2960
2881 2968
2881 3115
2881 3275
2881 3652
2881 3876
2881 3896
2881 4338
2881 4411
2881 4810
2881 4934
2881 5056
2881 5356
2881 5517
2881 5531
2881 5675
2881 6075
2881 6099
2881 6260
2881 6327
2881 6355
2881 6356
2881 6444
2881 6470
2881 6576
2881 6674
175 1169
1169 1111
1169 2587
1169 3535
1169 4726
191 1681
1681 245
1681 269
1681 303
1681 509
1681 547
1681 567
1681 584
1681 642
1681 657
1681 701
1681 780
1681 781
1681 875
1681 916
1681 1119
1681 1248
1681 1276
1681 1295
1681 1318
1681 1338
1681 1430
1681 1448
1681 1454
1681 1461
1681 1509
1681 1520
1681 1610
1681 1684
1681 1864
1681 1867
1681 1893
1681 2001
1681 2077
1681 2118
1681 2183
1681 2202
1681 2212
1681 2406
1681 2413
1681 2454
1681 2638
1681 2826
1681 2829
1681 2863
1681 2886
1681 2887
1681 2915
1681 2941
1681 3082
1681 3171
1681 3199
1681 3211
1681 3294
1681 3343
1681 3354
1681 3407
1681 3466
1681 3559
1681 3568
1681 3573
1681 3586
1681 3590
1681 3723
1681 3819
1681 3937
1681 3947
1681 3967
1681 4065
1681 4088
1681 4091
1681 4104
1681 4159
1681 4163
1681 4178
1681 4218
1681 4226
1681 4240
1681 4302
1681 4312
1681 4372
1681 4405
1681 4412
1681 4416
1681 4610
1681 4626
1681 4733
1681 4744
1681 4779
1681 4819
1681 4910
1681 4922
1681 4925
1681 4971
1681 5034
1681 5074
1681 5161
1681 5212
1681 5332
1681 5413
1681 5435
1681 5454
1681 5512
1681 5600
1681 5657
1681 5684
1681 5754
1681 5763
1681 5773
1681 5917
1681 5938
1681 6075
1681 6182
1681 6187
1681 6198
1681 6278
1681 6347
1681 6487
1681 6493
1681 6504
1681 6602
1681 6633
360 859
643 2157
643 2254
643 3704
643 5400
965 4812
1140 2157
1546 2340
1669 888
1863 5400
1863 5985
1878 4228
2152 820
2951 3281
2951 4789
3698 5400
3698 6442
3994 888
3994 2554
4500 4949
4600 5985
4776 820
5768 4228
6052 4812
6147 6065
6165 5160
6206 5986
6433 820
6565 4949
200 820
820 478
820 913
820 1377
820 1782
820 2259
820 2811
820 2896
820 2973
820 3026
820 3238
820 3292
820 3317
820 3650
820 3675
820 3782
820 4128
820 4136
820 4356
820 4912
820 4970
820 5752
820 5790
820 6261
820 6425
820 6639
820 6641
205 6541
6541 2332
6541 3191
6541 5424
207 4498
523 3190
523 5170
721 4848
748 2095
1043 2690
1643 4467
3436 2697
3436 5400
3627 4801
3627 5303
4081 467
4081 3281
4081 5303
4081 6017
4291 2859
5092 4801
5702 4228
214 454
214 461
454 1424
454 1741
454 2138
454 2434
454 3161
454 3258
454 3523
454 3741
454 4130
454 4407
454 4418
454 4578
454 4616
454 5272
454 5281
454 5634
454 6710
461 1524
461 2673
461 2734
461 6159
215 6229
6229 237
6229 779
6229 952
6229 1452
6229 2170
6229 2456
6229 2523
6229 2747
6229 3396
6229 3646
6229 3715
6229 4070
6229 4436
6229 4958
6229 5256
6229 5439
6229 6221
6229 6481
216 1612
216 3771
223 6303
6303 373
6303 401
6303 542
6303 680
6303 767
6303 782
6303 900
6303 1063
6303 1224
6303 1230
6303 1398
6303 1400
6303 1563
6303 2019
6303 2020
6303 2045
6303 2351
6303 2431
6303 2610
6303 2618
6303 3109
6303 3233
6303 3400
6303 3939
6303 4001
6303 4365
6303 4417
6303 4448
6303 4506
6303 4532
6303 4599
6303 4648
6303 4651
6303 4898
6303 5188
6303 5221
6303 5291
6303 5434
6303 5473
6303 5537
6303 5794
6303 5797
6303 5820
6303 5998
6303 6040
6303 6130
6303 6211
6303 6407
6303 6484
6303 6510
225 5986
5986 275
5986 289
5986 408
5986 436
5986 799
5986 956
5986 1202
5986 1284
5986 1447
5986 1860
5986 2392
5986 2418
5986 2599
5986 3067
5986 3083
5986 3169
5986 3182
5986 3266
5986 3459
5986 3585
5986 3694
5986 3717
5986 3743
5986 3902
5986 4021
5986 4217
5986 4245
5986 4247
5986 4301
5986 4416
5986 4473
5986 4504
5986 4565
5986 4644
5986 4680
5986 4761
5986 4831
5986 4859
5986 4943
5986 4969
5986 5181
5986 5304
5986 5360
5986 5388
5986 5623
5986 5722
5986 5724
5986 5934
5986 6089
5986 6183
5986 6418
5986 6426
5986 6561
5986 6646
226 5191
5191 858
5191 962
5191 1053
5191 1558
5191 1667
5191 1927
5191 2196
5191 2310
5191 2974
5191 3103
5191 3285
5191 3356
5191 3589
5191 3727
5191 3870
5191 3908
5191 3927
5191 3938
5191 3944
5191 4502
5191 4657
5191 4873
5191 4907
5191 5026
5191 5103
5191 5139
5191 5540
5191 5945
5191 6225
5191 6330
5191 6379
5191 6530
5191 6590
5191 6664
229 3865
3865 1411
3865 3200
3865 5482
3865 5552
3865 5579
3865 5682
244 4490
4490 260
4490 424
4490 432
4490 503
4490 564
4490 589
4490 612
4490 798
4490 889
4490 1021
4490 1101
4490 1177
4490 1210
4490 1246
4490 1379
4490 1450
4490 1463
4490 1572
4490 1573
4490 1688
4490 1697
4490 1763
4490 1885
4490 2106
4490 2117
4490 2193
4490 2195
4490 2215
4490 2256
4490 2280
4490 2495
4490 2496
4490 2657
4490 2666
4490 2761
4490 2950
4490 2965
4490 3367
4490 3373
4490 3384
4490 3435
4490 3529
4490 3584
4490 4609
4490 4752
4490 4780
4490 4837
4490 4886
4490 5083
4490 5085
4490 5128
4490 5198
4490 5353
4490 5502
4490 5737
4490 5970
4490 5971
4490 6074
4490 6203
4490 6266
4490 6319
4490 6398
4490 6543
4490 6559
4490 6579
4490 6580
4490 6702
251 3772
263 909
909 468
909 1011
909 1158
909 1389
909 1536
909 1685
909 1888
909 1896
909 1989
909 2088
909 2092
909 2141
909 2380
909 2603
909 2759
909 2777
909 3040
909 3138
909 3286
909 3405
909 3493
909 3711
909 3777
909 3868
909 3988
909 3998
909 4325
909 4341
909 4811
909 5373
909 5465
909 5499
909 6171
909 6186
909 6338
909 6375
909 6533
909 6594
266 6402
6402 292
6402 758
6402 1313
6402 1731
6402 1815
6402 2198
6402 2210
6402 2238
6402 2706
6402 2749
6402 2911
6402 2967
6402 3211
6402 3879
6402 4147
6402 4398
6402 4910
6402 4925
6402 5062
6402 5074
6402 5437
6402 5604
6402 6187
267 2122
2122 456
2122 1161
2122 1190
2122 1540
2122 2628
2122 2651
2122 2990
2122 3457
2122 3562
2122 3609
2122 3926
2122 4321
2122 4865
2122 4977
2122 5081
2122 5143
2122 5477
2122 5694
2122 5864
2122 6029
2122 6170
2122 6284
2122 6371
2122 6456
272 3281
3281 1464
3281 2559
3281 3370
3281 5019
277 4801
4801 729
4801 1123
4801 1616
4801 1747
4801 2087
4801 2713
4801 4397
4801 4439
4801 4466
4801 4519
4801 4805
4801 4941
4801 5195
4801 5243
4801 6396
4801 6655
4801 6676
278 5711
5711 875
5711 1364
5711 1401
5711 1582
5711 3757
5711 4604
5711 4912
5711 5148
5711 5341
5711 5520
5711 5721
5711 6082
5711 6215
5711 6354
280 3415
3415 436
3415 2255
3415 5024
3415 5397
282 6227
6227 309
6227 1838
6227 2896
6227 3992
6227 4284
6227 4401
6227 4491
6227 4998
6227 5025
6227 5582
6227 6520
285 2885
2885 515
2885 769
2885 5062
2885 5853
286 675
675 760
675 1353
675 1542
675 2050
675 2232
675 4591
675 4994
675 5830
675 6021
293 5985
5985 842
5985 988
5985 1069
5985 1739
5985 2480
5985 2644
5985 2796
5985 3132
5985 3413
5985 3589
5985 3760
5985 3892
5985 4170
5985 5079
5985 6557
295 5538
5538 2547
5538 4287
5538 4575
5538 4597
5538 4782
5538 5312
5538 6335
298 316
298 395
298 753
298 1204
298 1263
298 1651
298 1971
298 2462
298 2572
298 3039
298 3134
298 3713
298 4926
298 4946
298 5010
298 5358
298 5847
298 6155
298 6562
299 1695
1695 1696
1695 4065
323 2470
2470 1094
2470 1294
2470 1758
2470 2154
2470 2263
2470 2617
2470 2674
2470 3674
2470 3952
2470 4518
2470 5054
2470 5080
2470 5101
2470 6342
2470 6482
332 614
336 3554
3554 664
3554 923
3554 3225
3554 3958
3554 4666
3554 4694
3554 5095
3554 5360
3554 5865
340 1391
1391 1948
1391 3802
1391 4125
1391 4641
1391 4742
1391 5295
1391 5490
358 6118
6118 390
6118 1967
6118 2140
6118 3270
859 623
859 1334
859 2008
859 2187
859 2813
859 3790
859 3847
859 3886
859 3969
859 4143
859 4802
859 5209
859 5587
859 5757
859 6413
361 5827
5827 1808
5827 2504
5827 3002
5827 3119
5827 3160
5827 3502
5827 3741
5827 3848
5827 4127
5827 4894
5827 5159
5827 5836
5827 6256
5827 6593
363 6442
6442 1936
6442 2441
6442 3458
370 4238
4238 804
4238 1262
4238 1813
4238 2513
4238 3101
4238 3204
4238 3254
4238 3410
4238 4617
4238 5322
4238 5577
376 6017
6017 691
6017 862
6017 1002
6017 1234
6017 1584
6017 1895
6017 1979
6017 2024
6017 2034
6017 2282
6017 2325
6017 2571
6017 2653
6017 2789
6017 2955
6017 3195
6017 3592
6017 3658
6017 4038
6017 4191
6017 4468
6017 4633
6017 4691
6017 5151
6017 5384
6017 5498
6017 5881
6017 6109
6017 6156
6017 6179
6017 6404
6017 6705
380 3107
3107 482
3107 497
3107 1179
3107 1630
3107 2392
3107 2500
3107 3241
3107 3815
3107 4329
3107 5351
3107 5802
3107 5999
3107 6086
3107 6524
389 1245
389 4554
389 6055
389 6336
6336 1018
390 3722
3722 1126
3722 1765
3722 1952
3722 2208
3722 2850
3722 4132
3722 4259
3722 4416
3722 4513
3722 6360
3722 6361
3722 6395
3722 6577
393 6093
6093 1729
6093 5282
396 5800
402 1762
402 4077
402 4956
1762 1091
1762 1411
1762 4166
1762 4395
1762 5468
1762 5878
1762 6224
4077 552
4077 1196
4077 2558
4077 2765
4077 5818
4077 5863
4077 6085
4077 6252
4956 1071
4956 2534
4956 3020
4956 3240
4956 3560
4956 4515
4956 4740
4956 4822
4956 4978
4956 5115
2157 469
2157 577
2157 633
2157 1083
2157 1419
2157 1423
2157 1456
2157 1593
2157 1705
2157 1862
2157 1918
2157 1957
2157 2164
2157 2565
2157 2621
2157 3095
2157 3155
2157 3350
2157 3553
2157 3685
2157 3686
2157 3690
2157 3800
2157 4394
2157 4408
2157 4781
2157 5202
2157 5401
2157 5545
2157 6295
2157 6352
2157 6377
2157 6463
5400 418
5400 462
5400 685
5400 731
5400 763
5400 988
5400 1083
5400 1250
5400 1304
5400 1309
5400 1456
5400 1760
5400 1862
5400 1916
5400 2004
5400 2104
5400 2242
5400 2285
5400 2346
5400 2505
5400 2589
5400 2607
5400 2660
5400 2775
5400 2848
5400 2867
5400 2940
5400 2982
5400 3015
5400 3019
5400 3088
5400 3095
5400 3261
5400 3273
5400 3305
5400 3474
5400 3730
5400 3870
5400 4087
5400 4261
5400 4269
5400 4414
5400 4472
5400 4612
5400 4940
5400 5307
5400 5372
5400 5474
5400 5527
5400 5681
5400 5796
5400 5866
5400 5885
5400 5963
5400 6025
5400 6099
5400 6159
5400 6245
5400 6295
5400 6478
6228 1862
6228 2473
6228 3598
6228 4197
6228 4347
6228 4974
420 4228
4228 1080
4228 1906
4228 2246
4228 2375
4228 2409
4228 2507
4228 2525
4228 3011
4228 3240
4228 3279
4228 3857
4228 3881
4228 4102
4228 4416
4228 4643
4228 5066
4228 5298
4228 5444
4228 5651
4228 5723
4228 5863
4228 6152
4228 6167
4228 6498
4228 6698
421 2254
421 2859
2254 967
2254 3540
2254 3925
2254 4225
2254 4262
2254 5795
2859 551
2859 558
2859 580
2859 722
2859 823
2859 912
2859 1010
2859 1137
2859 1148
2859 1532
2859 1577
2859 1602
2859 1632
2859 1640
2859 1720
2859 1848
2859 1873
2859 1963
2859 2051
2859 2073
2859 2400
2859 2689
2859 2830
2859 2913
2859 3055
2859 3156
2859 3172
2859 3181
2859 3231
2859 3333
2859 3494
2859 3510
2859 3815
2859 3914
2859 3957
2859 3964
2859 4023
2859 4327
2859 4354
2859 4622
2859 4968
2859 5097
2859 5121
2859 5359
2859 5426
2859 5560
2859 5621
2859 5692
2859 5918
2859 6060
2859 6524
2859 6560
2859 6611
2859 6679
425 4069
4069 528
4069 1057
4069 1316
4069 2145
4069 3618
4069 3640
4069 5135
426 1605
1605 4413
1605 4862
446 5974
5974 536
5974 550
5974 581
5974 621
5974 665
5974 746
5974 783
5974 1063
5974 1211
5974 1269
5974 1280
5974 1303
5974 1395
5974 1555
5974 1571
5974 1757
5974 1807
5974 1845
5974 1852
5974 1959
5974 2214
5974 2344
5974 2363
5974 2450
5974 2459
5974 2492
5974 2550
5974 2722
5974 2741
5974 2904
5974 3112
5974 3142
5974 3210
5974 3283
5974 3401
5974 3431
5974 3434
5974 3483
5974 3533
5974 3615
5974 3671
5974 3920
5974 4041
5974 4230
5974 4470
5974 4555
5974 4561
5974 4745
5974 4870
5974 4906
5974 4959
5974 4979
5974 5116
5974 5297
5974 5535
5974 5718
5974 5766
5974 5910
5974 5942
5974 6035
5974 6175
5974 6250
5974 6316
5974 6359
5974 6362
5974 6491
5974 6546
447 5578
5578 797
5578 1345
5578 1637
5578 2758
5578 2778
5578 2823
5578 2860
5578 3207
5578 4948
5578 5276
5578 5518
5578 5730
5578 6373
467 936
467 996
467 1871
467 2984
467 4187
467 4748
467 4862
467 5955
467 6350
479 3130
3130 4045
485 2095
2095 862
2095 1038
2095 1566
2095 1801
2095 2108
2095 2242
2095 2333
2095 2949
2095 4582
2095 5050
2095 5327
2095 6449
496 4872
4872 497
4872 635
4872 1036
4872 1516
4872 1784
4872 2843
4872 2850
4872 3973
4872 4611
4872 5155
4872 5370
4872 5510
4872 5622
4872 5656
4872 5697
4872 5837
4872 6222
4872 6384
508 3282
3282 6524
516 1106
522 2772
2772 682
2772 1267
2772 1436
2772 1774
2772 1999
2772 2353
2772 2510
2772 2823
2772 3019
2772 5399
2772 5511
2772 6555
2772 6634
2772 6692
3190 977
3190 1174
3190 1809
3190 2205
3190 4718
3190 5170
5170 2336
5170 3580
5170 4736
5170 5179
5170 5183
5170 5242
5170 6548
524 4812
4812 532
4812 1225
4812 1323
4812 3347
4812 3358
4812 4544
4812 5296
4812 6072
4812 6507
4812 6669
533 6567
6567 540
6567 1099
6567 1143
6567 1437
6567 1854
6567 1862
6567 2168
6567 3129
6567 3147
6567 3320
6567 3532
6567 5137
6567 6668
541 2484
2484 784
2484 1289
2484 2131
2484 3439
2484 4083
2484 5261
2484 6111
553 1440
553 1708
553 3794
572 1438
572 1635
572 2584
575 640
575 672
575 693
575 5392
575 5525
575 5851
575 5886
579 5902
582 1320
583 2731
583 3472
586 5203
5203 1247
5203 1406
5203 1591
5203 1775
5203 3274
5203 3725
5203 4429
5203 4631
5203 4665
5203 4854
594 3131
594 5202
616 4056
4056 805
4056 911
4056 1327
4056 1515
4056 1892
4056 2625
4056 3114
4056 4716
4056 4997
4056 5064
4056 5184
4056 5741
4056 5988
620 5667
5667 1287
5667 1399
5667 2647
5667 4157
5667 4817
5667 6599
624 2554
2554 1273
2554 1601
2554 2123
2554 2701
2554 3029
2554 4048
2554 5887
629 2824
3704 1862
3704 1918
3704 2242
3704 3146
3704 5098
3704 5527
3704 6295
645 4030
4030 3620
4030 5723
4030 6647
648 3331
3331 788
3331 1131
3331 2467
3331 2890
3331 3697
3331 4011
3331 5007
3331 5182
3331 5669
3331 6087
654 5624
5624 5921
5624 5972
660 4096
4096 1425
4096 2089
4096 3858
4096 4747
661 5160
5160 1029
5160 1076
5160 1639
5160 1785
5160 1795
5160 2061
5160 3229
5160 3636
5160 3677
5160 4068
5160 4316
5160 5456
5160 5581
5160 6123
5160 6448
5160 6573
4591 1954
4591 3051
4591 3338
4591 5871
679 5380
5380 930
5380 1220
5380 1476
5380 1919
5380 2812
5380 4581
5380 6270
683 6508
6508 1496
6508 1568
6508 1932
6508 1933
6508 2162
6508 2847
6508 3501
6508 4310
6508 4529
6508 4908
6508 5254
6508 5948
6508 6158
6508 6265
6508 6389
709 4115
709 4151
709 4897
709 5888
716 1985
1985 814
1985 999
1985 1047
1985 1525
1985 2511
1985 2633
1985 2691
1985 3007
1985 3093
1985 3426
1985 3679
1985 3942
1985 4935
1985 5359
1985 5410
1985 5506
1985 5911
1985 6136
1985 6246
1985 6708
719 2425
2425 5227
4848 2096
4848 2840
4848 3034
4848 3545
4848 3631
4848 3770
4848 4266
4848 4481
4848 5331
4848 5689
4848 6313
738 5576
5576 809
739 4467
739 6358
4467 1755
4467 2201
4467 2228
4467 2552
4467 2592
4467 3396
4467 3498
4467 3743
4467 4155
4467 4243
4467 4342
4467 4522
4467 4973
4467 5807
4467 5910
4467 5935
4467 6217
6358 2361
6358 3441
6358 4359
6358 6281
6358 6635
744 6625
765 6324
6324 5777
791 4909
4909 1738
4909 2336
4909 6437
793 2242
793 2294
793 2848
793 3468
793 4199
793 4241
793 6295
2242 2519
2242 4047
6295 1846
6295 4047
795 5023
5023 5654
806 3473
3473 2239
3473 2359
3473 2664
3473 2901
3473 2981
3473 3157
3473 3570
3473 4053
3473 4492
3473 4921
3473 6059
3473 6103
1066 6488
5553 6488
808 3479
810 1537
5790 6488
827 5883
5883 1563
5883 2485
5883 2623
5883 2960
5883 2961
5883 3068
5883 4714
5883 5527
5883 5716
5883 6099
5883 6662
5883 6688
3996 888
836 6488
6488 1157
6488 1264
6488 1469
6488 1554
6488 1680
6488 1712
6488 1900
6488 1947
6488 2224
6488 2388
6488 2716
6488 2959
6488 2970
6488 2979
6488 3228
6488 3338
6488 3447
6488 4140
6488 4149
6488 4450
6488 4514
6488 4715
6488 4965
6488 5014
6488 5194
6488 5197
6488 5649
6488 6239
6488 6522
837 5976
5976 997
5976 2029
5976 3071
5976 3909
5976 4161
843 2453
2453 2246
2453 4152
2453 4762
848 1654
1654 1145
1654 1285
1654 2131
1654 2251
1654 2991
1654 4295
1654 4479
1654 4546
1654 4881
1654 5485
1654 6167
1654 6180
856 1585
869 5712
5712 1556
5712 1918
5712 2800
5712 5389
5712 6160
5712 6623
882 3833
3833 1893
3833 2036
3833 2708
3833 2803
3833 4456
3833 5580
3833 5792
3833 5995
884 2389
888 1096
888 4036
905 4298
4298 2802
4298 3574
4298 3845
4298 4607
4298 6475
1989 4660
2777 4660
6186 4660
957 3235
3235 2942
3235 3003
3235 4315
3235 5345
3235 5537
1006 5709
5709 6553
1008 3361
3361 1368
3361 2324
3361 3885
3361 4370
3361 4717
3361 5496
1009 1182
1018 1385
1018 1408
1018 2292
1018 2900
1018 3001
1018 3052
1018 3147
1018 3630
1018 3829
1018 4706
1018 5567
1018 5743
1023 1936
1023 2311
1023 2958
1023 3446
1023 3633
1023 3875
1024 6591
2690 3065
2690 4061
2690 4732
2690 4772
2690 4988
2690 5077
2690 5829
1046 3913
1065 3467
3467 5123
1080 2084
2084 4192
4589 4047
1110 2593
1110 2619
1110 3455
1110 5099
1110 5750
6004 1629
1136 4741
4741 2604
4741 2668
1150 4949
4949 2908
4949 3278
4949 3396
4949 3786
4949 4117
4949 4235
4949 4767
4949 5633
1156 6065
6065 1492
6065 3237
6065 4009
6065 4312
6065 4332
6065 5960
6065 6486
1165 5507
5507 1329
5507 4551
5507 5501
5507 5924
2587 2725
1186 1603
1186 1826
1186 1975
1186 3027
1186 3124
1186 4099
1186 4212
1186 4477
1186 4804
1186 6015
1194 1996
1996 3985
1996 4122
1198 1911
1198 1953
1199 1703
1199 4366
1703 2257
1249 4961
4961 2081
4961 3004
1266 1304
1266 2102
1266 2844
1266 3265
1266 3919
1266 4205
1266 4351
1304 2697
1304 4047
1272 2944
1272 5403
1272 6216
1272 6432
1301 4535
4535 3173
4535 4209
4535 4430
4535 4558
4535 6102
2697 2376
4047 1862
4047 2322
4047 3140
4047 3690
1342 1981
1342 6091
1362 6208
6208 2081
6208 3214
6208 5050
6208 5396
6208 5921
6208 6134
1370 1483
1370 2486
1370 2781
1370 3395
1370 3420
1370 4179
1370 4980
1370 5005
1370 5147
1370 5673
1370 6609
1371 5533
5533 4162
5533 4455
5533 4475
5533 4489
5533 4813
5533 5573
5533 5936
1380 2856
2856 2097
2856 3035
2856 3212
2856 4129
2856 4852
2856 5235
2856 6232
2856 6394
1432 4289
1432 5978
1432 6581
1460 3940
3940 2542
3940 2611
3940 2627
3940 2661
3940 4195
3940 4345
3940 4672
3940 4734
3940 5432
3940 5965
3940 6427
3940 6673
1462 2340
2340 3490
2340 3517
2340 3853
2340 3901
2340 4249
2340 4713
2340 5720
1505 2808
1505 3018
1505 3385
1505 3551
1505 4771
1505 5481
1543 2520
1543 3946
1595 5334
5334 2929
5334 4719
5334 5300
1629 2715
1631 2656
1634 6441
6441 3956
6441 6167
1648 2010
1648 2174
1648 2971
1648 3357
1648 3762
1648 4449
1648 4623
1678 5303
5303 1987
5303 2165
5303 2662
5303 4041
5303 4380
5303 4566
5303 4857
5303 5015
5303 5798
5303 6374
5303 6670
4416 3785
5938 6617
1716 4505
1764 4789
4789 2192
4789 2403
4789 2712
4789 3804
4789 4635
4789 5104
1811 4326
4326 4985
1821 6192
1846 5681
1910 2223
2223 2085
2223 3775
1967 6202
1970 5256
4660 5111
2031 4114
4114 6687
2190 3700
2203 3785
3785 2246
3785 3094
3785 3393
3785 4002
3785 4089
3785 5397
3785 5769
3785 5947
3785 6690
2211 4586
4586 4794
4586 5337
4586 5371
2260 4503
2293 6283
2350 2543
2355 2793
2793 2488
2371 3126
2371 6390
2395 3428
3428 4352
3428 5792
2438 6617
6617 3332
6617 3608
6617 3701
6617 3810
6617 4763
6617 5393
6617 5516
6617 5816
2521 2537
2725 5003
2725 5748
2616 3048
2616 4585
2650 3726
3726 3798
3726 4620
3726 4647
3726 4683
2727 2786
2752 3255
2815 2976
2976 4476
2976 6346
2875 4638
2876 4437
2877 4337
2882 3681
2882 4864
3100 6048
3339 5734
3352 3607
3363 3840
3840 3990
3840 4851
3840 4905
3379 4512
3403 4952
3423 4613
3423 6254
3423 6682
3509 4361
4361 5407
4361 5696
4361 5824
3548 5046
3614 5404
5404 4543
3647 5805
5805 5328
3773 5569
3797 4984
4984 5187
4984 5239
4131 5180
4131 6151
4174 5387
5387 4190
5387 5594
5387 6556
4215 5568
4237 5146
4409 6505
4457 6237
4791 4866
4866 5130
4866 5352
5013 6162
5293 5668
5293 6654
5317 6262
5338 5363
5683 5686
6353 6370
6366 6583
