10813 1031
11141 14489
3850 12286
6375 6181
11558 6298
5863 1236
6522 13973
4600 3336
509 13119
11219 5509
2578 15359
4495 11580
12038 10995
12360 12332
3348 10640
12382 723
10266 3016
12959 8423
41 14721
4299 1576
7572 119
12466 1046
10863 7776
8995 14598
876 4747
12565 3901
1131 7365
10079 1073
10754 9197
11547 1390
7776 2351
5490 11437
9162 5789
10514 8608
9143 3046
3671 984
9619 14429
1065 9628
10946 3917
11614 13650
1931 12264
1113 12059
5038 687
12065 11824
5930 11288
9137 334
6265 14839
2311 12155
10133 13226
3930 12843
7901 1153
10555 1588
1521 4209
4590 12750
4009 14020
4470 13131
5023 1240
9167 12958
11978 10210
3791 6826
1554 8592
2205 13157
12241 15111
10681 7642
12448 8957
6344 2411
9989 9613
4833 466
2317 3967
4349 4346
2809 14708
2126 7352
266 12272
5836 8987
10575 11837
12554 3693
9921 10164
11437 3781
3784 13821
12792 14249
12838 2828
815 11553
11756 12327
2012 8157
2170 4171
58 3174
6249 1696
11664 5064
6460 9816
9314 7380
4473 4998
2405 1967
4317 10403
4714 10397
2026 5101
6226 3163
4831 7875
7114 14574
374 9851
12042 12913
2255 645
11943 7701
3710 14289
6703 12604
1571 1455
10910 5669
7086 13322
2618 59
729 8977
11794 682
527 4475
769 7038
10016 11699
6570 4357
1969 10450
10917 9770
5720 4541
7077 2798
4364 4230
4390 6876
6465 1953
117 14612
7840 5301
3675 10204
10160 4622
11152 8801
11792 9858
1032 10867
4229 3347
11742 4156
12814 7155
7136 11178
6845 3831
6388 904
7255 1562
9368 7804
2426 15254
1406 6867
5488 244
12851 12722
5405 2312
7879 14261
4315 4927
10340 14182
568 3687
12467 11805
5875 7074
9340 9705
8656 2472
2037 2447
3609 8457
5983 9012
9430 4584
12384 9143
5882 2919
446 2144
9720 5613
8630 9812
3183 4911
6739 12662
598 10491
9714 10602
9083 2401
3185 5058
11249 2745
3311 11022
11536 8571
6277 6687
10089 9377
2371 15014
5073 7579
3715 14647
3903 3977
7755 7874
6853 10079
6479 6240
5957 5363
2543 5303
4765 11930
10645 14157
7987 10108
2092 9368
3319 11943
7566 13736
8371 13685
12560 1084
8801 10041
10751 5063
6509 14203
3263 8092
7794 2284
1999 14365
330 1133
11752 14293
5413 6509
5134 411
5689 5117
6903 9390
10757 9404
9582 15121
9990 7105
12767 1507
11796 15063
5963 15269
7679 1162
2854 4968
12422 4241
6769 12822
9184 731
873 6471
6258 6045
4227 11939
4058 12226
749 562
7244 8622
10493 2127
7806 14045
11985 2628
591 6858
5421 568
11563 14611
11498 2171
7146 12266
1205 15007
12086 15247
12592 4331
11948 8952
4141 8081
9777 2147
6483 10895
12845 14205
9468 12405
10300 13965
879 7758
9301 5645
10250 186
4296 8492
3974 11713
7587 12228
4517 2768
9882 10077
7789 4189
4883 11052
8832 506
12453 10772
1543 10830
3169 6117
8042 7149
7756 2201
7803 7863
10262 12306
11336 4109
1921 7756
5107 5052
4201 13813
4278 13853
12750 6595
1547 14622
7973 6063
6538 13606
1924 6051
362 15356
6100 5826
7847 13194
3131 13493
4594 14341
8191 14808
12413 7109
10498 5080
5486 14146
3301 151
4227 11939
9888 1415
6372 5764
530 14922
664 15354
3282 2833
546 13657
8697 13519
2763 10994
2517 5474
11651 3418
9310 4280
11992 9305
10291 6710
4234 8642
3016 8002
6634 15349
12024 3369
1541 7724
1132 4758
2367 15126
922 6868
7518 11448
4340 15331
2032 2230
11586 10365
1832 7845
9922 7056
8825 8449
4035 2471
10661 384
2757 6149
3618 5378
1365 13617
904 12077
571 4977
8005 7604
6923 8465
12105 463
2867 557
4395 12465
9164 5480
2720 7761
5766 13272
5925 6340
5484 3732
11676 11114
3908 12304
11281 4810
10970 1334
7684 7747
2435 339
6884 1720
4507 4864
3548 9224
6770 8107
3623 8588
3196 8625
12022 11329
6067 3186
2603 9725
4588 9105
3050 9560
6558 8315
3725 5575
11416 1628
3897 14202
7000 9160
11445 7691
10765 10977
2929 5549
3742 4472
9229 7032
6783 7430
6712 7621
3532 5595
1786 3070
10899 3406
2539 4904
417 2658
7040 1881
1175 1867
4892 8890
12026 4478
5136 11735
4464 12605
7715 10094
2242 13673
6478 7810
10001 9554
10703 13203
4447 9536
2489 7743
6615 8183
4744 14246
11309 4610
12924 14688
5394 3001
12451 2729
11134 2827
9637 10476
8970 6870
3844 5894
6584 7723
2505 8607
4762 5181
3891 8313
1138 8156
7219 8260
7273 9587
10029 886
884 8291
2806 4435
3172 7680
7443 10884
4592 9121
270 1258
10104 1328
8454 3169
797 1546
9742 6705
1351 8914
9539 14222
6497 6323
11716 5728
5069 4231
7462 13449
6940 11920
6093 10190
4650 4504
1782 4735
981 12566
7704 475
2782 7160
11220 10870
12388 9396
3260 8804
1792 11039
7138 1195
5550 8815
11557 5785
3218 8593
2509 7628
5758 6880
4059 10910
9653 7327
5640 1838
10566 5840
8440 12944
3343 14398
3976 2386
11552 11768
12824 1
8324 5102
7095 2707
12972 8410
1409 3139
2399 14510
9558 3304
5090 5233
1740 14733
10170 1633
4008 8776
10649 2620
10003 3506
4076 12467
5453 12216
2828 7718
10065 4257
12109 8207
7233 3342
6283 15061
5497 1075
1638 11625
11294 11073
5139 7401
9969 6072
8404 12808
6627 5983
2349 7181
7448 8628
