0 728
0 3714
728 334
728 584
728 673
728 3177
3714 49
3714 192
3714 211
3714 221
3714 846
3714 923
3714 960
3714 994
3714 1045
3714 1141
3714 1201
3714 1235
3714 1293
3714 1431
3714 1488
3714 1513
3714 1551
3714 1559
3714 1579
3714 1809
3714 2049
3714 2236
3714 2294
3714 2688
3714 3020
3714 3037
3714 3282
3714 3488
3714 3582
3714 3835
1 160
1 1191
1 1239
1 1241
1 2436
1 2632
160 867
1191 55
1191 153
1191 208
1191 507
1191 841
1191 1281
1191 1682
1191 1846
1239 140
1239 1992
1241 14
1241 167
1241 171
1241 544
1241 814
1241 878
1241 1008
1241 1047
1241 1064
1241 1138
1241 1166
1241 1178
1241 1222
1241 1367
1241 1415
1241 1453
1241 1610
1241 1663
1241 1685
1241 1702
1241 1709
1241 1713
1241 1736
1241 1897
1241 1965
1241 2043
1241 2044
1241 2095
1241 2181
1241 2595
1241 2610
1241 2744
1241 3054
1241 3113
1241 3117
1241 3243
1241 3407
1241 3721
1241 3849
2436 88
2436 140
2436 402
2436 423
2436 583
2436 805
2436 1014
2436 1119
2436 1205
2436 1366
2436 1744
2436 2183
2436 2390
2436 2513
2436 2632
2436 2705
2436 2783
2436 3132
2436 3400
2436 3533
2436 3564
2436 3684
2436 3726
2436 3757
2632 1095
2632 2100
2 78
2 325
2 972
2 2231
2 2516
2 2577
78 459
78 540
78 735
78 1116
78 1118
78 1281
78 1363
78 2009
78 2028
78 2235
78 3844
325 23
325 227
325 408
325 557
325 731
325 735
325 775
325 863
325 932
325 938
325 1036
325 1091
325 1175
325 1205
325 1312
325 1477
325 1488
325 1498
325 1595
325 1607
325 1620
325 1636
325 1716
325 1787
325 1918
325 2003
325 2049
325 2078
325 2082
325 2095
325 2169
325 2687
325 2911
325 3112
325 3138
325 3267
325 3335
325 3365
325 3434
325 3528
325 3651
325 3737
325 3750
325 3774
325 3818
325 3835
972 108
972 196
972 200
972 251
972 625
972 651
972 698
972 707
972 778
972 1142
972 1254
972 1386
972 1607
972 1679
972 2318
972 2410
972 2694
972 2900
972 3145
972 3169
972 3272
972 3296
972 3507
972 3559
972 3563
972 3582
972 3772
972 3780
972 3875
2231 1295
2231 1976
2231 2516
2231 2681
2516 1490
2516 3257
2577 60
2577 142
2577 306
2577 497
2577 599
2577 604
2577 739
2577 885
2577 1098
2577 1721
2577 1739
2577 1744
2577 2359
2577 2927
2577 3500
2577 3509
2577 3764
2577 3873
3 892
3 2100
892 256
892 2843
892 3027
892 3283
2100 80
2100 158
2100 255
2100 265
2100 336
2100 527
2100 622
2100 647
2100 718
2100 797
2100 851
2100 905
2100 995
2100 1023
2100 1133
2100 1205
2100 1333
2100 1501
2100 1687
2100 1833
2100 1872
2100 1980
2100 2019
2100 2247
2100 2360
2100 2373
2100 2525
2100 2526
2100 2675
2100 2740
2100 2752
2100 2788
2100 2831
2100 2846
2100 2936
2100 2968
2100 3016
2100 3075
2100 3193
2100 3278
2100 3340
2100 3451
2100 3490
2100 3504
2100 3523
4 1169
4 3685
3685 604
5 101
101 2307
6 516
6 1512
6 2039
516 1462
516 2913
1512 45
1512 118
1512 265
1512 363
1512 374
1512 401
1512 543
1512 549
1512 725
1512 729
1512 876
1512 917
1512 1127
1512 1144
1512 1171
1512 1210
1512 1312
1512 1584
1512 1766
1512 1826
1512 1858
1512 1889
1512 1906
1512 1951
1512 1969
1512 2025
1512 2142
1512 2181
1512 2390
1512 2542
1512 2675
1512 2698
1512 2940
1512 2945
1512 2988
1512 3009
1512 3177
1512 3200
1512 3216
1512 3250
1512 3371
1512 3389
1512 3409
1512 3490
1512 3498
1512 3527
1512 3641
1512 3758
2039 46
2039 88
2039 116
2039 121
2039 183
2039 220
2039 307
2039 610
2039 741
2039 775
2039 813
2039 1192
2039 1238
2039 1305
2039 1411
2039 1599
2039 1763
2039 1777
2039 2132
2039 2184
2039 2222
2039 2566
2039 2918
2039 3672
2039 3721
2039 3775
2039 3815
2039 3849
7 551
7 1532
7 3849
551 1365
551 1916
551 2346
551 2647
551 3672
1532 200
1532 227
1532 400
1532 627
1532 665
1532 1078
1532 1944
1532 1953
1532 1967
1532 2003
1532 2082
1532 2289
1532 2370
1532 3054
1532 3176
1532 3281
1532 3376
1532 3858
3849 321
3849 387
3849 486
3849 568
3849 575
3849 578
3849 705
3849 730
3849 762
3849 829
3849 834
3849 899
3849 1045
3849 1322
3849 1356
3849 1367
3849 1538
3849 1697
3849 1787
3849 2025
3849 2174
3849 2291
3849 2318
3849 2351
3849 2416
3849 2510
3849 2532
3849 2684
3849 2721
3849 2828
3849 2870
3849 2922
3849 2970
3849 3075
3849 3129
8 1315
8 3504
1315 2160
3504 3858
9 1488
9 3529
1488 1121
1488 1377
3529 93
3529 192
3529 1796
3529 1954
3529 2291
3529 2483
3529 2576
3529 2593
3529 2596
3529 2684
3529 2819
3529 2926
3529 2972
3529 3028
3529 3603
10 520
10 963
10 2596
520 275
963 206
963 227
963 341
963 710
963 727
963 952
963 1002
963 1349
963 1448
963 1717
963 1747
963 1897
963 2140
963 2482
963 2519
963 2520
963 2601
963 2744
963 2853
963 2880
963 3142
963 3209
963 3313
963 3369
963 3506
963 3612
963 3775
2596 1238
11 641
11 1235
11 2316
11 2367
641 549
641 1885
641 1909
641 2918
641 3245
641 3306
641 3423
641 3684
1235 85
1235 613
1235 981
1235 1663
1235 2125
1235 2293
1235 2460
1235 2890
1235 2999
1235 3310
2316 414
2316 1322
2316 2887
2316 3519
2316 3559
2367 21
2367 1477
12 76
12 1520
12 1818
12 2623
12 3623
76 24
76 116
76 1006
76 1294
76 1775
76 1949
76 3519
76 3533
1520 84
1520 433
1520 721
1520 932
1520 1545
1520 2140
1520 2217
1520 2304
1520 2381
1520 2853
1520 2883
1520 3362
1520 3721
1818 112
1818 391
1818 968
1818 1060
1818 1143
1818 1779
1818 1996
1818 2079
1818 2115
1818 2726
1818 2850
1818 3485
1818 3731
1818 3890
2623 736
2623 939
2623 1272
2623 1674
2623 1896
2623 2602
3623 1677
13 1551
1551 259
1551 321
1551 329
1551 357
1551 391
1551 529
1551 984
1551 1144
1551 1242
1551 1275
1551 1281
1551 1543
1551 1902
1551 2359
1551 3088
1551 3139
1551 3211
1551 3306
1551 3545
14 22
14 274
14 882
14 1003
14 1389
14 2156
14 2669
14 2863
14 3197
14 3296
22 1018
22 2105
22 2146
22 3482
274 666
274 1842
882 573
1003 2681
1389 232
1389 275
1389 289
1389 341
1389 625
1389 688
1389 1272
1389 1409
1389 2387
1389 3387
1389 3566
2156 264
2156 1171
2156 1599
2156 2043
2156 3721
2156 3832
2863 192
2863 394
2863 486
2863 534
2863 549
2863 762
2863 936
2863 1022
2863 1100
2863 1121
2863 1338
2863 1349
2863 1487
2863 1519
2863 1579
2863 1926
2863 2291
2863 2474
2863 2476
2863 2857
2863 2913
2863 2972
2863 2988
2863 3053
2863 3293
2863 3309
2863 3342
2863 3358
2863 3592
2863 3704
2863 3722
2863 3760
2863 3874
3197 126
3197 730
3197 2408
3197 3575
3197 3837
3296 376
3296 498
3296 567
3296 759
3296 983
3296 1547
3296 2279
3296 2326
3296 2524
3296 2849
3296 2909
3296 3314
3296 3609
3296 3772
15 1163
15 1534
15 2613
15 3391
15 3863
1163 707
1534 707
1534 778
1534 1013
1534 1190
1534 1493
1534 1775
1534 1955
1534 3622
1534 3740
1534 3784
3391 1555
3391 2856
3391 3303
3863 371
3863 523
3863 585
3863 1385
3863 2162
3863 2909
3863 3892
16 163
16 795
16 1121
16 1253
16 1268
16 1499
16 1801
16 3629
795 1801
795 2858
795 3351
1121 704
1121 2372
1121 3089
1121 3128
1121 3417
1121 3518
1121 3697
1121 3882
1253 1796
1253 1811
1253 2681
1253 3042
1253 3742
1268 640
1268 847
1268 867
1268 1499
1268 1599
1268 2332
1268 3293
1499 123
1499 2314
1499 2712
1499 2804
1499 2988
1499 3879
1801 19
1801 289
1801 689
1801 749
1801 762
1801 1171
1801 1229
1801 1281
1801 1312
1801 1628
1801 1825
1801 1907
1801 2169
1801 2332
1801 2538
1801 2599
1801 2626
1801 2917
1801 2942
1801 3295
1801 3358
1801 3608
1801 3653
1801 3776
1801 3874
3629 921
3629 1026
3629 1245
3629 1811
3629 2520
3629 2593
3629 3028
3629 3725
3629 3865
17 170
17 321
17 1891
17 3545
321 800
321 965
321 977
1891 53
1891 324
1891 433
1891 486
1891 651
1891 730
1891 940
1891 965
1891 1066
1891 1531
1891 1543
1891 1579
1891 1824
1891 1902
1891 1924
1891 1928
1891 1985
1891 2302
1891 2609
1891 2787
1891 2991
1891 3025
1891 3159
1891 3324
1891 3545
3545 53
3545 730
3545 965
3545 1250
3545 1543
3545 1902
3545 2030
3545 2359
3545 2993
3545 3306
3545 3317
18 1419
1419 157
19 1126
1126 311
1126 445
1126 471
1126 885
1126 1264
1126 3424
1126 3733
20 433
20 850
20 1667
20 2244
20 2253
20 3187
433 195
433 369
433 632
433 726
433 926
433 966
433 1742
433 2202
433 2253
433 2280
433 2758
433 3141
433 3662
433 3746
850 707
850 1168
850 1853
850 3122
850 3716
1667 2900
2244 2125
2244 3025
2253 2856
2253 3606
3187 3025
21 61
21 256
21 366
21 1081
21 1607
21 3582
61 852
61 1288
61 1787
61 2005
61 2721
61 3066
61 3322
61 3547
256 27
256 86
256 280
256 301
256 569
256 687
256 1542
256 1639
256 2003
256 3882
366 331
366 859
366 862
366 919
366 1865
366 3607
1081 128
1081 280
1081 1855
1081 2197
1081 2482
1081 2945
1607 221
1607 392
1607 537
1607 664
1607 707
1607 825
1607 1017
1607 1440
1607 1588
1607 1617
1607 2323
1607 2352
1607 3087
1607 3555
1607 3612
1607 3721
1607 3875
1607 3879
3582 73
3582 88
3582 103
3582 108
3582 146
3582 196
3582 230
3582 237
3582 243
3582 251
3582 280
3582 288
3582 315
3582 339
3582 353
3582 373
3582 447
3582 510
3582 512
3582 533
3582 550
3582 567
3582 572
3582 600
3582 609
3582 629
3582 686
3582 763
3582 778
3582 852
3582 923
3582 932
3582 957
3582 962
3582 977
3582 985
3582 1078
3582 1132
3582 1176
3582 1238
3582 1281
3582 1295
3582 1298
3582 1322
3582 1355
3582 1431
3582 1494
3582 1505
3582 1513
3582 1557
3582 1559
3582 1629
3582 1658
3582 1679
3582 1730
3582 1765
3582 1775
3582 1887
3582 2045
3582 2190
3582 2258
3582 2339
3582 2603
3582 2694
3582 2720
3582 2792
3582 2820
3582 2849
3582 2880
3582 2892
3582 2934
3582 2939
3582 3026
3582 3037
3582 3060
3582 3075
3582 3110
3582 3218
3582 3331
3582 3332
3582 3342
3582 3420
3582 3433
3582 3439
3582 3459
3582 3634
3582 3650
3582 3688
3582 3734
3582 3740
3582 3775
3582 3778
3582 3844
3582 3875
1018 26
1018 294
1018 762
1018 959
1018 1313
1018 3799
2105 1322
2105 1753
2146 834
2146 1913
3482 562
3482 3613
23 2030
23 2566
23 3360
2030 1174
2030 3087
2030 3239
2566 70
2566 92
2566 302
2566 409
2566 541
2566 664
2566 778
2566 804
2566 811
2566 885
2566 964
2566 1216
2566 1233
2566 1334
2566 1452
2566 1462
2566 1505
2566 1538
2566 1560
2566 1639
2566 1679
2566 1853
2566 1874
2566 1926
2566 2012
2566 2064
2566 2110
2566 2113
2566 2150
2566 2207
2566 2447
2566 2458
2566 2528
2566 2720
2566 2805
2566 2855
2566 2912
2566 3004
2566 3024
2566 3135
2566 3166
2566 3204
2566 3298
2566 3352
2566 3472
2566 3645
2566 3657
2566 3675
2566 3705
2566 3738
2566 3744
2566 3755
2566 3772
2566 3830
2566 3840
2566 3844
2566 3869
24 319
24 549
24 1022
319 288
319 395
319 415
319 1098
319 1231
319 1269
319 1334
319 1557
319 1677
319 2152
319 2959
319 2970
319 3755
549 534
549 1521
549 1537
549 1663
549 2029
549 2274
549 2634
549 3400
549 3567
549 3676
549 3804
1022 30
1022 39
1022 105
1022 177
1022 223
1022 300
1022 424
1022 522
1022 1171
1022 1181
1022 1366
1022 1410
1022 1658
1022 1869
1022 1917
1022 2228
1022 2995
1022 3141
1022 3180
1022 3425
1022 3433
1022 3437
1022 3610
1022 3687
1022 3733
1022 3775
1022 3819
25 2853
2853 1036
2853 1061
2853 1586
2853 1708
2853 2519
2853 2570
2853 3295
2853 3345
2853 3407
2853 3721
26 307
26 1250
26 2185
26 2469
26 2495
26 3112
307 423
307 677
307 786
307 899
307 1077
307 1091
307 1281
307 1405
307 1583
307 1876
307 1920
307 2422
307 3276
1250 81
1250 497
1250 1375
1250 1579
1250 1680
1250 2288
1250 2676
1250 2737
1250 2996
1250 3156
1250 3519
2185 1091
2185 1122
2185 2793
2185 3038
2185 3700
2469 128
2469 231
2469 657
2469 1797
2469 2179
2469 2182
2469 3212
2469 3271
2495 732
2495 3484
3112 47
3112 403
3112 541
3112 1406
3112 2387
3112 2970
3112 3124
3112 3382
3112 3659
27 51
27 224
27 301
27 368
27 1402
27 3311
27 3312
27 3423
27 3857
27 3900
51 179
51 752
224 1405
224 1564
224 2093
301 452
301 1705
301 2303
368 1442
368 1900
1402 3883
3311 486
3311 730
3311 977
3311 1069
3311 1535
3311 1685
3311 1875
3311 2246
3311 2476
3311 2875
3311 3087
3311 3410
3311 3660
3311 3802
3312 262
3312 1527
3312 2166
3312 2227
3423 486
3423 1322
3423 1454
3423 1885
3423 2308
3423 2476
3423 3053
3423 3244
3423 3292
3423 3887
3857 1975
3857 2323
3900 730
3900 1182
3900 1535
28 1249
28 2192
1249 438
1249 1950
1249 2931
2192 34
2192 304
2192 1033
2192 2016
2192 3111
29 235
29 3091
235 844
3091 3002
30 177
30 285
30 350
30 615
30 669
30 805
30 807
30 940
30 1091
30 1313
30 1338
30 1405
30 1459
30 1583
30 1882
30 1918
30 1950
30 2005
30 2389
30 2464
30 2634
30 2675
30 2765
30 2801
30 3130
30 3257
30 3477
30 3756
177 740
177 1020
177 1824
177 2212
177 2265
177 3613
350 3087
350 3412
615 411
615 2003
669 2920
805 682
807 494
807 1296
807 2767
807 2906
940 53
940 486
940 916
940 1537
940 3087
940 3208
940 3306
1091 674
1091 2003
1091 3124
1091 3471
1313 3799
1338 389
1338 1198
1338 1258
1338 1380
1338 1599
1338 1784
1338 2299
1338 2399
1338 3109
1405 192
1405 194
1405 1305
1405 1312
1405 1441
1405 1573
1405 2222
1405 2342
1405 3547
1459 2227
1583 1777
1882 486
1882 2606
1918 53
1918 1763
1918 3883
1950 1394
1950 2118
2005 144
2005 271
2005 3448
2464 1244
2634 3124
2675 691
2675 952
2675 1531
2675 2246
2675 2351
2675 2906
2675 2918
2675 3084
2675 3763
2675 3850
2765 528
2765 660
2765 730
2765 2003
2765 2913
2801 910
2801 1763
3130 537
3257 75
3257 294
3257 558
3257 646
3257 761
3257 899
3257 1229
3257 1651
3257 1805
3257 1966
3257 2239
3257 2254
3257 2275
3257 2318
3257 2430
3257 2955
3257 2971
3257 3253
3477 1308
3756 327
3756 375
3756 735
3756 919
3756 1825
3756 1861
3756 2348
3756 2593
3756 2869
31 1036
1036 344
1036 461
1036 1198
1036 1308
1036 1324
1036 1440
1036 1660
1036 1787
1036 2003
1036 2298
1036 2381
1036 2414
1036 2614
1036 3124
32 3852
3852 280
3852 2029
3852 2900
3852 3263
33 2575
2575 293
34 3124
34 3594
3124 103
3124 184
3124 237
3124 253
3124 409
3124 468
3124 518
3124 591
3124 677
3124 751
3124 875
3124 943
3124 1034
3124 1281
3124 1310
3124 1332
3124 1477
3124 1618
3124 1787
3124 2428
3124 2594
3124 2606
3124 2684
3124 2686
3124 3245
3124 3584
3124 3675
3124 3781
3124 3821
3594 468
3594 547
3594 726
3594 731
3594 1476
3594 1477
3594 1840
3594 1861
3594 2152
3594 2260
3594 2275
3594 2351
3594 2426
3594 2462
3594 2533
3594 2547
3594 2582
3594 2991
3594 3065
3594 3200
3594 3411
3594 3520
35 439
35 777
35 2333
35 2579
35 2999
35 3879
439 3904
2333 2091
2333 2795
2579 1365
2579 2856
2579 3606
2999 72
2999 465
2999 1047
2999 1615
2999 1648
2999 1843
2999 1865
2999 2043
2999 2121
2999 2161
2999 2187
2999 2418
2999 2515
2999 2528
2999 2858
2999 2991
2999 3009
2999 3272
2999 3599
2999 3624
3879 79
3879 200
3879 211
3879 341
3879 544
3879 561
3879 2019
3879 2178
3879 2954
3879 2991
3879 3055
3879 3436
3879 3789
3879 3886
36 1300
36 1905
36 3119
1300 128
1300 303
1300 710
1300 721
1300 868
1300 879
1300 1063
1300 1132
1300 1322
1300 1860
1300 1905
1300 2898
1300 2961
1300 3066
1300 3138
1300 3647
1300 3653
1905 254
1905 1580
1905 1741
1905 2912
1905 3180
1905 3757
3119 798
3119 2685
37 258
258 2490
258 3595
38 730
38 735
38 1741
38 2798
38 2964
38 3108
730 223
730 468
730 621
730 731
730 819
730 865
730 1017
730 1252
730 1535
730 1635
730 1759
730 2011
730 2217
730 2291
730 2588
730 3080
730 3087
730 3244
730 3308
730 3399
730 3414
730 3554
735 775
735 919
735 1296
735 2003
735 2845
1741 392
2798 438
2798 975
2798 2456
2798 2797
2798 3043
2964 603
2964 695
2964 812
2964 839
2964 1297
2964 1636
2964 2336
2964 2542
2964 3070
2964 3218
2964 3704
3108 269
3108 586
3108 664
3108 1281
3108 2114
3108 2793
3108 3264
3108 3509
39 1086
39 1789
39 3894
1086 742
1086 1324
1086 1445
1086 1763
1086 3129
1086 3395
1789 391
1789 3856
3894 648
3894 1263
3894 1284
3894 1885
3894 2137
3894 3125
3894 3716
3894 3754
40 424
40 1677
424 128
424 1108
424 1490
424 1644
424 1823
424 1920
424 2937
424 3784
424 3877
1677 471
1677 537
1677 692
1677 1514
1677 1528
1677 1696
1677 2003
1677 2529
1677 2827
1677 2970
1677 3097
1677 3118
1677 3804
1677 3808
41 48
41 1568
48 558
1568 803
1568 1395
1568 3844
42 959
42 1842
42 2388
959 93
959 276
959 1620
959 1762
959 1780
959 3229
1842 72
1842 202
1842 480
1842 583
1842 985
1842 1286
1842 1490
1842 1505
1842 1557
1842 1798
1842 1901
1842 2127
1842 2136
1842 2574
1842 2767
1842 3041
1842 3097
1842 3289
1842 3733
43 1674
43 2017
43 3244
43 3424
1674 145
1674 155
1674 288
1674 536
1674 736
1674 1339
1674 1555
1674 1826
1674 2109
1674 3740
1674 3764
1674 3777
2017 139
2017 361
2017 797
2017 1219
2017 1277
2017 1354
2017 1365
2017 1617
2017 2453
2017 2851
2017 3576
2017 3796
3244 531
3244 563
3244 1181
3244 1443
3244 1584
3244 2302
3244 2317
3244 2693
3244 3466
3424 934
3424 1709
44 474
44 519
44 718
44 745
44 936
44 1045
44 1064
44 1431
44 1491
44 1638
44 3390
44 3486
44 3521
44 3559
44 3567
44 3858
474 86
474 706
474 811
474 936
474 979
474 2003
474 2409
474 2571
474 3486
474 3846
519 578
519 3451
718 116
718 232
718 613
718 1045
718 1919
718 2052
718 2188
718 2654
718 3519
718 3525
936 88
936 1045
936 2744
936 3036
936 3078
936 3773
1045 190
1045 200
1045 203
1045 330
1045 385
1045 414
1045 431
1045 533
1045 567
1045 738
1045 783
1045 798
1045 816
1045 834
1045 977
1045 979
1045 1038
1045 1093
1045 1130
1045 1162
1045 1358
1045 1431
1045 1447
1045 1514
1045 1559
1045 1660
1045 1756
1045 1850
1045 1947
1045 1949
1045 2076
1045 2133
1045 2148
1045 2188
1045 2242
1045 2324
1045 2351
1045 2405
1045 2647
1045 2685
1045 2686
1045 2748
1045 2820
1045 2887
1045 2895
1045 3040
1045 3239
1045 3243
1045 3337
1045 3358
1045 3511
1045 3556
1045 3589
1045 3625
1045 3752
1045 3775
1045 3855
1064 490
1064 653
1064 679
1064 719
1064 816
1064 1139
1064 1399
1064 1620
1064 1633
1064 1689
1064 1794
1064 2091
1064 2481
1064 2532
1064 2984
1064 3053
1064 3186
1064 3305
1064 3534
1064 3687
1064 3710
1431 275
1431 613
1431 835
1431 894
1431 1056
1431 1130
1431 1178
1431 1469
1431 1513
1431 1687
1431 1827
1431 1913
1431 2211
1431 2351
1431 2932
1431 2981
1431 3358
1431 3509
1431 3521
1431 3556
1431 3775
1491 3006
1638 214
1638 1257
1638 1885
1638 2194
1638 3333
1638 3587
1638 3716
1638 3875
3390 53
3390 960
3390 1663
3390 1932
3390 2211
3390 2407
3390 3036
3390 3078
3390 3117
3486 2493
3486 2565
3486 2918
3486 3782
3521 385
3521 1554
3521 1570
3521 2002
3521 3429
3559 218
3559 1021
3559 2685
3567 275
3567 1106
3567 2266
3567 2290
3567 2351
3567 2685
3858 80
3858 88
3858 222
3858 414
3858 448
3858 813
3858 1117
3858 1120
3858 1333
3858 1386
3858 1454
3858 1477
3858 2032
3858 2631
3858 2685
3858 3009
3858 3097
3858 3471
46 3317
3317 634
3317 1061
3317 1133
3317 1312
3317 1358
3317 1580
3317 1985
3317 3443
3317 3519
3317 3672
47 192
192 171
192 176
192 860
192 1017
192 1048
192 1113
192 1240
192 1258
192 1546
192 1599
192 1787
192 2182
192 2518
192 2819
192 2883
192 2901
192 3079
192 3249
192 3373
558 308
558 950
558 1966
558 2275
558 3285
49 994
49 1868
49 2052
49 3277
49 3607
1868 2707
1868 3809
2052 1144
2052 1158
2052 2062
2052 2835
3277 757
3277 2351
3607 275
3607 385
3607 902
3607 1219
3607 1324
3607 1672
3607 2380
3607 3735
50 752
752 279
752 295
752 517
752 637
752 685
752 708
752 1261
752 1302
752 1346
752 1478
752 1680
752 2510
752 3146
752 3214
52 1508
1508 291
1508 436
1508 652
1508 656
1508 3373
1508 3449
1508 3721
53 206
53 532
53 541
53 621
53 707
53 925
53 1088
53 1130
53 1201
53 1202
53 1281
53 1530
53 1749
53 1843
53 1849
53 1885
53 1932
53 2037
53 2093
53 2118
53 2407
53 2510
53 2645
53 2856
53 2922
53 2931
53 3075
53 3117
53 3223
53 3387
53 3404
53 3526
53 3566
53 3654
53 3731
53 3744
53 3887
206 478
206 504
206 1586
206 1650
206 1897
206 2482
206 3176
206 3509
206 3721
206 3883
532 1188
532 1270
532 1572
532 1663
532 1696
532 2211
532 3262
532 3502
541 139
541 506
541 945
541 1215
541 1330
541 1699
541 1705
541 2118
621 186
621 390
621 690
621 865
621 1047
621 1879
621 1968
621 3310
621 3471
621 3790
707 145
707 154
707 155
707 251
707 696
707 772
707 1066
707 1423
707 1679
707 1825
707 2293
707 2308
707 2647
707 3170
707 3285
925 155
925 302
925 575
925 828
925 1047
925 1142
925 1446
925 2361
925 3084
925 3118
925 3491
1088 379
1088 660
1088 1131
1088 1233
1088 1324
1088 1737
1088 3132
1088 3672
1130 1097
1130 1355
1130 2359
1130 2981
1130 3218
1130 3465
1130 3556
1130 3731
1130 3878
1201 2943
1202 226
1202 387
1202 1198
1202 1530
1202 1829
1202 3195
1202 3395
1281 419
1281 451
1281 460
1281 577
1281 865
1281 948
1281 1522
1281 1673
1281 1763
1281 1777
1281 2011
1281 2223
1281 2528
1281 3007
1281 3133
1281 3471
1281 3488
1281 3595
1281 3721
1281 3866
1843 1932
1843 3716
1849 275
1849 652
1849 1025
1849 1238
1849 1514
1849 2033
1849 2413
1849 3192
1849 3218
1849 3509
1885 151
1885 215
1885 648
1885 818
1885 1716
1885 1726
1885 1729
1885 1928
1885 2125
1885 3139
1885 3622
1932 960
1932 1144
1932 1265
1932 1964
1932 2211
1932 3078
1932 3117
1932 3286
1932 3491
1932 3509
1932 3589
2037 116
2037 968
2037 1158
2037 3166
2093 1308
2118 112
2118 270
2118 352
2118 361
2118 363
2118 469
2118 606
2118 701
2118 870
2118 913
2118 923
2118 1179
2118 1267
2118 1288
2118 1344
2118 1477
2118 1537
2118 1538
2118 1727
2118 1746
2118 1975
2118 2000
2118 2912
2118 2922
2118 2997
2118 3075
2118 3122
2118 3708
2118 3744
2118 3784
2118 3804
2118 3856
2118 3887
2118 3891
2407 215
2407 414
2407 960
2407 1355
2407 2274
2407 2318
2407 3117
2407 3654
2510 2861
2510 3864
2645 3883
2856 2848
2856 2880
2922 302
2922 1179
2922 1537
2922 2887
2922 3526
2922 3731
2931 232
2931 1021
2931 2519
2931 3412
3075 88
3075 460
3075 870
3075 1044
3075 1089
3075 1260
3075 1334
3075 2347
3075 3201
3075 3472
3075 3850
3117 232
3117 758
3117 1238
3117 1265
3117 1355
3117 1415
3117 1579
3117 1663
3117 1713
3117 1897
3117 1916
3117 2196
3117 2211
3117 2274
3117 2625
3117 2932
3117 3003
3117 3036
3117 3054
3117 3078
3117 3289
3117 3387
3117 3448
3117 3488
3117 3509
3117 3511
3117 3513
3117 3566
3117 3592
3117 3764
3223 123
3223 575
3223 2481
3223 3887
3387 185
3387 225
3387 486
3387 748
3387 1608
3387 2748
3387 2993
3387 3566
3387 3723
3387 3887
3404 154
3404 635
3404 3087
3404 3686
3526 2410
3526 3066
3526 3087
3526 3731
3526 3752
3566 209
3566 225
3566 1322
3566 1355
3566 1537
3566 2993
3566 3509
3654 1238
3654 1777
3654 2724
3654 2753
3731 232
3731 579
3731 1238
3731 1355
3731 1794
3731 2139
3731 2314
3731 3588
3731 3752
3744 1514
3887 215
3887 341
3887 468
3887 652
3887 716
3887 879
3887 1092
3887 1166
3887 1355
3887 1650
3887 1985
3887 2166
3887 2359
3887 2463
3887 2772
3887 2954
3887 2993
3887 3122
3887 3456
3887 3595
3887 3818
54 463
54 505
54 1167
54 2027
54 2638
1167 2835
2027 1839
2027 2608
2027 3775
2638 294
2638 717
2638 1007
2638 1380
2638 1396
2638 1893
2638 2214
2638 2222
2638 3651
55 1639
1639 112
1639 1098
1639 1108
1639 1179
1639 1308
1639 1395
1639 1472
1639 2525
1639 2970
1639 3230
1639 3651
1639 3659
56 354
56 2865
56 3784
354 458
354 638
354 859
354 942
354 947
354 1378
354 1952
354 2199
354 2203
354 2204
354 2309
354 2544
354 2703
354 2829
354 3028
354 3293
354 3458
354 3636
354 3788
2865 1324
2865 1502
2865 1935
2865 3888
3784 196
3784 486
3784 635
3784 1442
3784 1510
3784 1944
3784 2214
3784 2538
3784 2895
3784 2918
3784 3058
3784 3199
3784 3539
3784 3834
57 1071
57 1099
57 2222
1099 389
1099 867
1099 1114
1099 1548
1099 2873
1099 3153
1099 3309
1099 3358
1099 3897
2222 1937
2222 1954
2222 3723
58 583
58 2318
583 196
583 364
583 1865
583 2088
583 2358
583 3242
583 3736
2318 482
2318 1322
2318 2621
2318 3269
2318 3874
59 652
59 2482
59 2533
652 123
652 164
652 249
652 399
652 575
652 1217
652 1375
652 1591
652 1655
652 1689
652 1732
652 1746
652 1902
652 2346
652 2749
652 2904
652 2929
652 3125
652 3170
652 3585
652 3612
652 3713
652 3902
2482 302
2482 334
2482 630
2482 781
2482 909
2482 1535
2482 1602
2482 2139
2482 3309
2482 3537
2482 3611
2533 755
60 363
60 570
60 1279
60 2767
60 3097
1279 969
1279 985
1279 1588
1279 3493
1279 3634
2767 1176
2767 1230
2767 1494
2767 1859
2767 2015
2767 2699
2767 2722
2767 3195
2767 3285
3097 174
3097 827
3097 1017
3097 1061
3097 1188
3097 1312
3097 1442
3097 1453
3097 2060
3097 2515
3097 2827
3097 3028
3097 3672
852 1620
852 3871
1787 913
1787 1855
1787 2003
1787 2684
1787 3094
1787 3133
1787 3492
1787 3721
1787 3818
1787 3883
1787 3886
2721 768
2721 1572
2721 3500
2721 3519
3066 232
3066 478
3066 638
3066 1079
3066 1509
3066 1632
3066 1737
3066 1830
3066 1897
3066 1977
3066 2056
3066 2140
3066 2270
3066 2685
3066 2918
3066 3265
3066 3471
3066 3721
3066 3738
3547 136
3547 597
3547 1296
3547 1883
3547 1888
3547 2021
3547 2114
3547 2489
3547 2667
3547 2720
3547 2946
3547 3354
3547 3591
3547 3737
3547 3796
62 2500
62 3132
2500 2347
2500 3495
3132 578
3132 1047
3132 1111
3132 1747
3132 2761
3132 2970
3132 2972
3132 3345
3132 3384
3132 3573
63 310
63 388
63 3430
310 739
310 790
310 1401
310 2140
388 917
388 1839
388 2692
3430 419
3430 709
3430 1421
3430 2058
3430 2762
3430 2809
3430 3049
3430 3386
64 1935
64 2595
64 3152
1935 629
1935 640
2595 3460
3152 948
3152 1663
3152 2416
3152 2567
3152 2690
65 293
65 2479
293 280
293 377
293 932
293 1769
293 1883
293 1936
293 2202
293 3081
293 3303
293 3844
293 3875
2479 156
2479 540
2479 775
2479 1328
2479 2476
2479 3573
2479 3780
66 93
66 1428
66 1658
66 2020
66 2751
66 3070
93 118
93 300
93 495
93 574
93 584
93 787
93 800
93 1575
93 2336
93 2397
93 2774
93 2991
93 2992
93 3142
93 3561
93 3781
1428 885
1428 1697
1428 2836
1428 3153
1428 3870
1428 3895
1658 2909
2020 1322
2020 1804
2751 3815
3070 2060
67 1748
67 1807
1748 1845
1748 2031
1807 1005
1807 1334
1807 3087
68 2311
2311 2205
2311 2334
69 180
180 1051
180 2287
180 2630
70 312
70 1033
70 1599
70 2545
70 2601
1033 344
1033 499
1033 865
1033 1017
1033 1737
1033 1914
1033 2219
1033 3191
1599 330
1599 478
1599 789
1599 900
1599 909
1599 1141
1599 1198
1599 1312
1599 1374
1599 1535
1599 1542
1599 1587
1599 1594
1599 1640
1599 1653
1599 1784
1599 2008
1599 2084
1599 2098
1599 2180
1599 2250
1599 2299
1599 2322
1599 2332
1599 2343
1599 2549
1599 2628
1599 2665
1599 2813
1599 2901
1599 3002
1599 3003
1599 3039
1599 3195
1599 3316
1599 3329
1599 3351
1599 3416
1599 3816
1599 3881
2545 774
2601 401
2601 1477
2601 2310
2601 3768
71 3081
3081 839
3081 3485
73 3145
3145 645
3145 838
3145 923
3145 1625
3145 1768
3145 2846
3145 2920
3145 3600
3145 3687
3145 3745
74 2481
2481 3509
75 537
537 152
537 337
537 396
537 498
537 662
537 1456
537 1662
537 1816
537 1944
537 2032
537 2493
537 3020
537 3433
537 3650
537 3853
116 1158
116 1495
116 1763
116 1949
116 2109
116 3166
116 3211
116 3589
1006 1737
1006 2058
1294 1243
1294 3103
1294 3817
1775 214
1775 218
1775 1264
1775 1777
1775 2003
1775 2074
1775 2109
1775 2476
1775 2681
1775 2720
1775 2757
1775 3507
1949 886
1949 965
1949 1311
1949 1429
1949 2351
1949 2414
1949 2703
1949 3170
3519 1524
3519 1557
3519 1645
3519 1704
3519 2760
3519 2877
3519 2970
3519 3246
3519 3367
3519 3437
3519 3469
3519 3706
3533 135
3533 1975
3533 2129
3533 2248
77 684
77 688
77 1019
77 1621
77 1819
684 121
684 423
684 566
684 661
684 770
684 1043
684 1116
684 1184
684 1340
684 1780
684 1850
684 2242
684 2248
684 2267
684 2858
684 2985
684 3028
684 3049
684 3638
684 3662
684 3848
684 3868
684 3878
688 3775
1019 114
1019 397
1019 524
1019 612
1019 1429
1019 1659
1019 1946
1019 2090
1621 208
1819 1791
1819 2876
459 509
459 3613
540 775
540 1029
540 1115
540 1208
540 1328
540 1372
540 1466
540 1576
540 1619
540 1847
540 2315
540 2518
540 3029
540 3505
540 3573
1116 1453
1116 1663
1116 1877
1118 178
1118 2946
1118 3202
2009 1150
2009 1342
2009 1496
2028 957
2028 1555
2235 3248
3844 181
3844 596
3844 1101
3844 1745
3844 2161
3844 2681
3844 2686
3844 2764
3844 2961
3844 3285
81 2745
2745 1089
2745 1473
82 1308
82 3310
1308 280
1308 326
1308 672
1308 726
1308 738
1308 775
1308 847
1308 986
1308 1058
1308 1260
1308 2060
1308 2251
1308 2378
1308 2514
1308 2574
1308 2733
1308 2760
1308 2775
1308 2803
1308 2833
1308 2912
1308 2913
1308 3177
1308 3191
1308 3323
1308 3367
1308 3420
1308 3640
1308 3827
1308 3883
3310 365
3310 421
3310 545
3310 550
3310 874
3310 1224
3310 1825
3310 2383
3310 2584
3310 2647
3310 2807
3310 3525
3310 3634
83 1426
83 3548
1426 2720
3548 411
3548 870
84 183
84 383
84 977
84 1779
183 486
183 3025
383 239
383 1593
383 3069
383 3249
977 672
977 921
977 1187
977 1682
977 1791
977 2171
977 2173
977 2256
977 2684
977 2913
977 3115
1779 3740
86 908
86 2629
2629 2685
87 392
392 125
392 842
392 1326
392 1597
392 2197
392 2913
392 2970
392 3008
392 3483
88 249
88 254
88 503
88 625
88 999
88 1180
88 1267
88 1301
88 1492
88 1620
88 1704
88 1785
88 2060
88 2883
88 3342
88 3469
254 111
254 261
254 784
254 834
254 835
254 873
254 916
254 992
254 1510
254 1738
254 1770
254 2068
254 2383
254 2404
254 2463
254 2497
254 2641
254 2651
254 2726
254 2830
254 2933
254 3010
254 3327
254 3415
254 3437
254 3460
254 3795
254 3832
503 1269
503 1324
503 1647
625 1173
999 2129
999 3574
999 3638
1180 1291
1180 2584
1267 1610
1267 2021
1267 3202
1267 3539
1301 1322
1301 3358
1492 867
1492 1612
1492 1782
1492 2155
1492 3630
1620 650
1620 3358
1704 1862
1704 2151
2060 157
2060 937
2060 1854
2060 2744
2060 2761
2060 3443
2060 3811
2883 483
2883 1656
2883 1831
2883 1983
2883 2127
2883 2743
2883 2823
2883 3163
3342 1078
3342 1322
3342 1996
3342 2195
3342 2518
3342 3555
89 1178
1178 95
1178 1238
1178 2980
1178 3601
90 1395
90 1673
1395 613
1395 711
1395 726
1395 828
1395 1108
1395 1233
1395 1375
1395 1528
1395 1941
1395 2582
1395 3137
1395 3170
1395 3435
1395 3651
1395 3659
1673 564
1673 717
1673 1082
1673 1322
1673 1623
1673 1986
1673 2038
1673 2057
1673 2636
1673 2807
1673 3046
91 2084
91 2562
2084 2013
2084 2549
2084 2966
2084 3169
2562 288
2562 528
2562 998
2562 1933
2562 2364
2562 2627
2562 2647
2562 3375
2562 3584
2562 3762
92 437
92 796
92 1923
92 2255
92 3088
92 3208
92 3720
437 389
796 2196
796 3279
1923 338
1923 1047
1923 3123
2255 174
2255 347
2255 533
2255 2063
2255 2307
2255 3358
3088 142
3088 1611
3088 2681
3088 3229
3088 3553
3088 3720
3088 3878
3088 3896
3208 1394
3208 3720
3720 1144
3720 2246
3720 2412
3720 3084
118 858
118 1065
300 2127
300 3534
574 572
584 370
584 2829
584 3177
787 1196
800 813
800 932
800 2081
800 2380
800 2761
800 3028
1575 1957
2336 1312
2397 1438
2397 2685
2774 100
2774 316
2991 174
2991 1065
2991 1865
2991 2275
2991 3028
2991 3285
2991 3613
2991 3672
2992 97
2992 435
2992 3595
3561 762
3561 1926
3561 1962
3561 2002
3561 2216
3561 3689
3781 525
3781 1134
3781 3434
94 277
94 1663
277 1051
277 2861
1663 375
1663 413
1663 703
1663 716
1663 773
1663 887
1663 960
1663 1005
1663 1198
1663 1203
1663 1222
1663 1240
1663 1263
1663 1415
1663 1449
1663 1453
1663 1531
1663 1567
1663 1672
1663 1793
1663 1864
1663 1880
1663 1940
1663 1951
1663 1958
1663 2139
1663 2181
1663 2188
1663 2266
1663 2299
1663 2351
1663 2448
1663 2640
1663 2655
1663 2744
1663 2768
1663 2841
1663 2987
1663 3054
1663 3074
1663 3358
1663 3416
1663 3668
1663 3682
1663 3699
1663 3735
1663 3821
1663 3825
1663 3866
96 754
96 763
96 950
96 2417
96 2651
96 2900
96 2944
96 3073
754 502
754 1943
754 2697
754 3150
2417 613
2417 2899
2651 2933
2900 483
2944 1110
2944 1777
2944 1975
2944 2913
2944 2978
3073 2091
3073 2373
97 1806
1806 480
1806 808
1806 858
1806 3028
98 1259
98 1650
98 3716
1259 242
1259 2157
1259 2433
1259 3796
1650 486
1650 1166
1650 3239
3716 199
3716 222
3716 367
3716 515
3716 529
3716 562
3716 849
3716 979
3716 1124
3716 1425
3716 1679
3716 1716
3716 1738
3716 2040
3716 2133
3716 2181
3716 2205
3716 2508
3716 2615
3716 2683
3716 2707
3716 2762
3716 2888
3716 3007
3716 3204
3716 3231
3716 3344
3716 3524
3716 3587
3716 3875
99 263
99 692
99 1418
99 3098
99 3279
263 204
263 273
263 2081
692 149
692 314
692 452
692 1327
692 1365
692 1507
692 1768
692 3125
692 3592
1418 197
1418 204
1418 3285
1418 3808
3098 252
3098 1434
3098 2676
3279 2196
3279 3604
100 879
100 2182
100 3214
100 3856
879 2092
2182 1213
2182 2923
2182 3459
2182 3658
3214 2347
3856 401
3856 1411
3856 1440
3856 1487
3856 2026
3856 2307
3856 2880
3856 3191
3856 3672
2307 1524
2307 2647
102 387
102 609
387 226
387 565
387 672
387 1084
387 1305
387 2003
387 2945
387 3509
387 3659
609 509
609 3281
609 3416
103 1420
103 2377
1420 3341
104 3616
104 3883
3616 348
3616 539
3616 1079
3616 2395
3883 106
3883 137
3883 244
3883 334
3883 393
3883 406
3883 455
3883 502
3883 775
3883 854
3883 907
3883 933
3883 993
3883 1074
3883 1149
3883 1161
3883 1248
3883 1505
3883 1624
3883 1755
3883 1786
3883 1799
3883 1861
3883 1978
3883 2154
3883 2278
3883 2329
3883 2355
3883 2462
3883 2665
3883 2758
3883 2821
3883 2898
3883 2925
3883 3166
3883 3307
3883 3365
3883 3471
3883 3787
3883 3818
3883 3875
107 1480
1480 353
108 2003
2003 156
2003 205
2003 226
2003 227
2003 355
2003 375
2003 393
2003 623
2003 687
2003 725
2003 741
2003 921
2003 988
2003 1011
2003 1095
2003 1112
2003 1113
2003 1131
2003 1157
2003 1175
2003 1198
2003 1244
2003 1351
2003 1408
2003 1477
2003 1541
2003 1595
2003 1717
2003 1730
2003 1788
2003 1825
2003 1958
2003 1993
2003 2055
2003 2078
2003 2095
2003 2096
2003 2126
2003 2169
2003 2248
2003 2291
2003 2319
2003 2399
2003 2426
2003 2458
2003 2692
2003 2731
2003 2868
2003 2869
2003 2901
2003 2911
2003 2934
2003 2935
2003 2938
2003 2977
2003 3038
2003 3080
2003 3085
2003 3336
2003 3505
2003 3524
2003 3560
2003 3586
2003 3875
109 632
109 1579
109 2218
109 2828
632 2828
632 2913
632 3123
632 3721
632 3772
1579 232
1579 478
1579 1139
1579 1166
1579 1265
1579 2684
1579 2761
1579 3597
1579 3782
2828 411
110 3711
3711 1148
3711 1397
111 3010
112 149
112 2293
112 2676
112 2832
149 197
149 204
149 314
149 1375
149 1726
149 1941
149 2473
149 2676
149 2733
2293 145
2293 159
2293 207
2293 416
2293 473
2293 578
2293 592
2293 729
2293 869
2293 1093
2293 1434
2293 1441
2293 1732
2293 1875
2293 1985
2293 2312
2293 2620
2293 2676
2293 2688
2293 2733
2293 2918
2293 2933
2293 2988
2293 3131
2293 3157
2293 3285
2293 3558
2676 204
2676 273
2676 314
2676 817
2676 869
2676 1233
2676 1434
2676 1528
2676 1726
2676 2543
2676 2582
2676 2733
2676 3285
2676 3374
113 2685
113 3466
113 3531
2685 302
2685 565
2685 614
2685 681
2685 786
2685 927
2685 1049
2685 1117
2685 1266
2685 1277
2685 1330
2685 1393
2685 1460
2685 1529
2685 1858
2685 2033
2685 2164
2685 2302
2685 2837
2685 2953
2685 3050
2685 3235
2685 3362
2685 3448
2685 3570
2685 3763
2685 3799
2685 3821
2685 3843
2685 3901
3466 2054
3466 2371
3531 1887
115 3721
3721 332
3721 461
3721 768
3721 885
3721 926
3721 934
3721 957
3721 1060
3721 1146
3721 1366
3721 1377
3721 1450
3721 1495
3721 1558
3721 1753
3721 1754
3721 1812
3721 1830
3721 1865
3721 2145
3721 2172
3721 2186
3721 2240
3721 2662
3721 2692
3721 2970
3721 3038
3721 3218
3721 3239
3721 3243
3721 3295
3721 3358
3721 3425
3721 3591
3721 3780
3721 3875
1158 598
1158 968
1158 1415
1158 2351
1158 2835
1763 253
1763 259
1763 327
1763 403
1763 598
1763 655
1763 817
1763 923
1763 1048
1763 1192
1763 1318
1763 1351
1763 1822
1763 1823
1763 1946
1763 2298
1763 2366
1763 2548
1763 2604
1763 2719
1763 2834
1763 3218
1763 3653
1763 3706
1763 3737
1763 3875
2109 3764
3166 613
3166 1296
3166 2982
3166 3882
3211 232
3211 486
3211 575
3211 1846
3211 2137
3211 2139
3211 2168
3211 2208
3211 2351
3211 2714
3211 2852
3211 3408
3589 414
3589 613
3589 1260
3589 1861
3589 2188
117 619
117 1055
117 3202
619 1861
1055 775
1055 1128
1055 1799
3202 3443
3202 3471
3202 3696
858 672
858 678
858 747
858 1767
858 1768
858 2330
858 2681
858 3471
1065 2885
1065 3158
119 2061
119 2742
119 2959
119 3336
119 3462
119 3564
2959 597
2959 1423
2959 1463
2959 1936
2959 2015
2959 2681
2959 3659
3462 2128
3462 2155
3462 2299
3462 2440
3462 3048
3462 3363
3564 775
120 3102
3102 828
121 1037
121 1355
121 1910
1355 221
1355 358
1355 421
1355 429
1355 848
1355 1098
1355 2073
1355 2308
1355 2787
1355 3194
1355 3864
1910 778
1910 2049
122 1881
122 2302
122 3471
1881 668
1881 1329
1881 1442
1881 1802
1881 2401
2302 500
2302 1758
2302 1800
2302 2257
2302 2951
2302 3162
2302 3509
3471 184
3471 638
3471 842
3471 943
3471 1305
3471 1323
3471 1540
3471 1604
3471 1750
3471 2053
3471 2191
3471 2199
3471 2319
3471 2970
3471 2998
3471 3133
3471 3200
3471 3259
3471 3395
3471 3507
3471 3645
123 923
923 356
923 411
923 454
923 696
923 853
923 976
923 1063
923 1248
923 1678
923 1715
923 1777
923 2614
923 3063
923 3158
124 1915
1915 856
1915 2072
1915 3271
125 486
125 663
125 1471
125 2504
486 281
486 378
486 421
486 482
486 604
486 674
486 813
486 865
486 922
486 1144
486 1187
486 1230
486 1238
486 1367
486 1900
486 1928
486 2213
486 2520
486 2737
486 2748
486 2804
486 2836
486 2841
486 2861
486 3100
486 3156
486 3339
486 3518
486 3775
663 592
663 1678
663 2893
663 2942
1471 2823
1471 3299
1471 3459
1471 3875
2504 226
2504 455
2504 907
2504 1795
2504 2987
2504 3284
126 1272
126 1582
126 2906
1272 451
1272 780
1272 1277
1272 1582
1272 1977
1272 2328
1272 2351
1272 2858
1272 2967
1272 3009
1272 3812
1272 3867
1582 743
1582 819
2906 700
2906 894
2906 1322
2906 1696
127 3478
3478 1292
3478 1472
3478 2587
3478 2733
128 1149
128 1442
128 2439
128 2890
128 3000
128 3287
128 3347
128 3874
1149 1382
1442 874
1442 1188
1442 2978
1442 3028
1442 3227
2890 194
2890 320
2890 736
2890 1283
2890 1701
2890 2616
3000 2468
3287 1295
3287 2839
3287 3123
3874 198
3874 544
3874 766
3874 1092
3874 1587
3874 2609
3874 3400
3874 3788
129 928
129 2605
129 2997
129 3592
129 3743
928 2899
928 3453
2605 743
2605 1940
2605 2081
2605 2104
2605 2208
2605 2492
2605 2913
2605 2915
2605 3523
2997 1292
2997 2850
3592 389
3592 960
3592 1441
3592 2587
3743 2392
130 2703
130 3014
130 3672
130 3790
2703 1593
2703 2717
2703 3535
3014 1286
3672 280
3672 286
3672 457
3672 1041
3672 1171
3672 1358
3672 1598
3672 2553
3672 3200
3672 3509
3672 3573
3672 3752
3672 3891
3790 3395
3790 3760
3790 3899
3790 3905
131 2076
2076 567
2076 1142
2076 1732
2076 2434
132 834
132 1970
132 2401
834 655
834 916
834 1777
834 2418
834 2538
834 2759
834 3218
1970 147
1970 1510
133 504
504 231
504 414
504 3028
504 3289
504 3488
134 1753
1753 2576
1753 2653
135 672
135 2129
672 226
672 497
672 604
672 888
672 1160
672 1216
672 1415
672 2538
672 2760
672 3234
2129 827
2129 877
2129 973
2129 1024
2129 1059
2129 1391
2129 1399
2129 1810
2129 1975
2129 2008
2129 2376
2129 2910
2129 3005
2129 3280
2129 3598
136 967
136 1324
136 1707
136 1854
967 1319
967 2399
1324 395
1324 932
1324 1111
1324 1312
1324 1321
1324 2054
1324 2291
1324 2320
1324 2668
1324 2761
1324 2913
1324 2954
1324 3292
1324 3832
1707 2284
1854 167
1854 195
1854 208
1854 1531
1854 1654
1854 2360
1854 2440
1854 2485
1854 3022
1854 3576
137 302
137 3420
302 734
302 1686
302 2647
302 3890
3420 1026
3420 1132
3420 1888
3420 1911
3420 2018
3420 2684
3420 2956
3420 2996
3420 3681
138 1017
138 2259
1017 653
1017 1227
1017 1231
1017 1964
1017 2323
1017 2414
1017 2744
1017 2858
1017 2884
1017 3407
1017 3412
2259 1214
139 924
924 497
924 1209
141 775
141 3315
141 3761
775 546
775 1060
775 1198
775 1328
775 1372
775 1408
775 1573
775 1861
775 1984
775 1993
775 2449
775 2476
775 2869
775 3323
775 3492
775 3617
775 3692
775 3753
3315 1034
3315 3372
3761 1619
3761 1698
3761 2047
3761 3573
142 640
142 1098
142 1510
142 1625
142 2726
142 3178
640 638
640 947
640 1258
640 2393
640 2489
640 2520
640 2691
640 3458
1098 157
1098 460
1098 1162
1098 1171
1098 2555
1098 2587
1098 2859
1098 3509
1098 3586
1098 3899
1510 147
1510 485
1510 784
1510 1316
1510 1669
1510 3282
1625 1743
1625 1768
2726 1170
143 861
143 3490
861 2626
3490 157
144 664
144 2824
664 1572
664 2249
664 2947
2824 854
2824 2686
2824 3827
2824 3846
145 220
145 460
145 920
145 1373
145 1928
145 2787
220 1238
220 1353
220 1846
220 3898
460 152
460 443
460 712
460 901
460 1171
460 1275
460 1557
460 1937
460 2970
460 3651
920 2514
920 3021
1373 550
1373 863
1373 1768
1373 1844
1373 2576
1928 173
1928 522
1928 1181
1928 1767
1928 2048
1928 3157
2787 1425
2787 2283
2787 2654
2787 2995
2787 3337
146 270
146 286
146 581
146 904
146 1291
146 1536
146 2058
146 2344
146 2347
146 2490
146 3495
146 3586
270 294
270 1522
270 1722
270 1765
270 2603
270 2903
581 2689
904 2300
904 3642
1291 1142
1291 3265
1536 841
1536 2618
1536 2884
2058 176
2058 278
2058 419
2058 515
2058 1398
2058 1421
2058 1705
2058 1716
2058 1828
2058 2238
2058 2285
2058 2506
2058 2615
2058 2674
2058 2683
2058 2958
2058 3067
2058 3071
2058 3163
2058 3268
2058 3378
2344 1204
2347 362
2347 690
2347 820
2347 884
2347 1057
2347 1189
2347 1768
2347 2021
2347 2271
2347 3381
2490 1042
2490 2793
3586 462
3586 1895
147 2970
147 3282
147 3289
2970 288
2970 306
2970 1305
2970 1517
2970 1547
2970 1557
2970 1572
2970 1588
2970 1645
2970 1727
2970 2205
2970 2913
2970 3122
2970 3218
2970 3826
3282 421
3282 916
3282 992
3289 497
3289 1453
148 2096
2096 1470
204 273
204 726
204 1524
204 2733
204 3167
204 3285
204 3808
314 159
314 1726
314 2054
314 3460
1375 833
1375 877
1375 1013
1375 1233
1375 1327
1375 1781
1375 1871
1375 2080
1375 2288
1375 2733
1375 3170
1375 3221
1375 3481
1726 207
1726 605
1726 828
1726 1467
1726 2080
1941 1327
2733 1528
2733 2288
2733 3120
2733 3196
2733 3453
150 3655
3655 613
3655 1830
3655 2053
3655 2905
3655 3155
151 2729
152 1269
1269 294
1269 3864
153 212
153 701
153 2045
153 2308
153 2934
153 3428
701 792
2045 415
2045 1108
2045 2174
2045 3428
2308 985
2308 1475
2308 2979
2308 3600
2934 1848
3428 985
3428 1138
3428 2611
3428 3740
154 1777
1777 404
1777 1511
1777 1548
155 784
155 1075
155 1691
155 2711
155 3877
784 639
784 985
784 3034
1075 2278
2711 550
156 899
156 1594
156 2614
156 2911
156 3753
899 280
899 591
899 1296
899 2275
899 2314
899 2558
899 2718
899 2810
899 2819
899 3596
899 3753
1594 555
1594 3334
1594 3546
2614 569
2614 1068
2614 1138
2614 1312
2614 1958
2614 2158
2614 2384
2614 2408
2614 2487
2614 3189
2614 3229
2614 3407
2911 1103
3753 1437
3753 1472
157 507
157 539
157 585
157 1171
157 1654
157 1766
157 1981
157 1994
157 2174
157 2641
157 3366
507 1531
507 1535
507 3606
507 3792
507 3800
507 3812
585 232
585 3174
585 3488
1171 689
1171 1144
1171 1736
1171 1920
1171 1985
1171 2525
1171 2603
1171 3016
1171 3293
1171 3704
1654 3022
1766 1690
1981 449
1994 645
1994 3009
2174 186
2174 232
2174 299
2174 568
2174 1179
2174 1244
2174 1429
2174 1537
2174 1846
2174 2025
2174 2952
2174 3064
2174 3752
2641 655
2641 1182
3366 2002
159 729
159 797
159 869
159 1434
159 1513
159 2353
159 2844
159 3125
159 3792
729 1196
729 2543
797 268
797 1365
797 1896
797 2122
797 2440
797 2624
869 3047
869 3125
1434 252
1513 2983
2353 1872
3125 194
3125 257
3125 731
3125 1322
3125 1668
3125 1896
3125 1988
3125 2018
3125 2426
3125 2468
3125 2780
3125 3786
3125 3819
3792 2166
3792 2652
3792 3479
3792 3736
867 478
867 806
867 1343
867 1528
867 1664
867 1678
867 2411
867 2746
867 2797
867 3295
867 3602
161 1179
1179 613
1179 1742
1179 3804
162 1865
1865 764
1865 1102
164 2345
165 324
165 716
165 1628
165 2375
324 465
324 2561
716 481
716 2359
716 2993
1628 578
1628 636
1628 1626
1628 2149
1628 2269
1628 2583
1628 3511
1628 3682
2375 544
2375 1670
2375 1724
2375 2599
2375 3053
166 275
166 1636
166 3735
275 1687
275 2139
275 3735
1636 1477
1636 2127
3735 487
3735 880
3735 1205
3735 1289
3735 1343
3735 1672
3735 1703
3735 1999
3735 2363
3735 2442
3735 2680
3735 2894
3735 2967
3735 3101
3735 3168
3735 3179
3735 3517
3735 3741
167 2962
167 3022
3022 195
3022 614
3022 1531
3022 2056
3022 2918
168 1128
168 1958
168 2161
1128 226
1128 960
1128 1477
1128 1936
1128 2606
1128 2819
1128 3395
1128 3667
1128 3681
1958 1476
1958 3094
2161 687
2161 2647
169 2819
2819 233
2819 1312
2819 2101
2819 2299
2819 2387
2819 2854
2819 2873
2819 2972
2819 3658
171 2908
171 3303
2908 402
3303 1522
3303 1784
3303 2144
3303 3030
3303 3740
172 3021
172 3893
3021 1322
3021 2056
3893 2328
173 3656
3656 1695
3656 2509
3656 2707
3656 2725
3656 3691
174 223
174 342
174 414
174 1399
174 1965
174 2001
174 2556
174 2836
174 3095
174 3395
223 1683
223 1768
223 1931
223 1965
223 2291
223 2763
223 3037
414 190
414 1263
414 1265
414 2332
414 2351
414 2430
414 2918
414 3588
414 3722
1965 3518
2001 2089
2001 3496
2556 1054
2556 3803
2836 3087
3095 2657
3395 914
3395 1756
3395 1800
3395 2670
3395 2737
3395 3129
3395 3304
3395 3474
3395 3554
3395 3862
175 1900
175 2778
2778 776
176 2317
176 3473
2317 1200
2317 3543
3473 3106
740 221
740 1316
1824 2209
2265 1948
2265 3645
2265 3740
3613 236
3613 244
3613 1716
3613 1735
3613 1996
3613 2674
3613 3090
3613 3225
3613 3590
3613 3667
178 2216
1051 1186
1051 2630
1051 2797
2287 2630
2287 3221
181 1070
181 2117
1070 810
1070 946
1070 1454
1070 2405
1070 2939
1070 3323
1070 3384
2117 188
2117 974
2117 3285
182 1535
1535 423
1535 956
1535 1252
1535 1531
1535 1696
1535 2140
1535 3205
1535 3309
1535 3554
1535 3595
1535 3809
3025 1752
3025 1796
3025 2021
3025 2278
3025 2933
184 531
184 3595
531 1119
531 2881
531 3077
531 3345
3595 1057
3595 1237
3595 1852
3595 2521
3595 2957
3595 3514
3595 3732
3595 3746
185 2913
185 3246
2913 231
2913 271
2913 430
2913 865
2913 895
2913 898
2913 953
2913 1094
2913 1286
2913 1855
2913 2023
2913 2074
2913 2220
2913 3048
2913 3151
2913 3199
2913 3215
2913 3254
2913 3615
2913 3628
3246 726
3246 2552
186 280
186 390
186 637
186 3148
186 3452
186 3812
280 315
280 469
280 700
280 794
280 922
280 1165
280 1238
280 1413
280 1814
280 1855
280 2272
280 2654
280 2986
280 3001
280 3460
280 3650
280 3653
280 3771
390 932
390 2312
390 2329
390 3086
3148 517
3148 831
3148 2296
3148 2940
3452 877
3452 3138
3812 702
3812 1394
3812 1485
3812 1531
3812 2360
3812 2440
3812 2788
3812 2949
187 2665
2665 573
2665 578
2665 1258
2665 1768
2665 2885
2665 2924
188 602
188 3683
602 746
602 3123
3683 2154
3683 3484
189 1415
189 3221
1415 341
1415 1137
1415 1172
1415 1931
1415 2141
1415 2880
1415 3054
1415 3100
3221 569
3221 932
3221 1538
3221 3882
190 378
190 501
190 567
190 1136
190 1207
190 1939
190 2960
190 3337
378 501
501 671
501 1015
501 1207
501 1258
501 1985
501 2657
501 2670
501 3511
501 3577
567 421
567 1322
567 2918
567 2993
567 3850
1939 1233
1939 1295
1939 1659
1939 2807
1939 2909
2960 401
2960 1681
3337 1004
3337 1238
3337 3513
191 827
860 1189
1048 3676
1113 193
1113 901
1113 1541
1113 1954
1113 2291
1113 2813
1113 3039
1113 3651
1113 3725
1240 1263
1258 1056
1258 1198
1258 1312
1258 1392
1258 1655
1258 1837
1258 1954
1258 2291
1258 3542
1258 3775
1546 3285
2518 1712
2901 1453
2901 3376
2901 3730
2901 3839
3079 576
3079 665
3079 697
3079 1744
3079 2089
3079 3188
3249 294
3249 1337
3249 2173
3249 2230
3249 2802
3249 3653
195 1746
195 2498
195 3241
1746 746
1746 1035
1746 2920
3241 990
3241 1417
3241 1457
3241 2560
3241 2600
3241 2741
3241 3754
3241 3842
196 322
196 979
196 1518
196 1768
196 1946
196 2818
979 1828
979 2179
979 3122
979 3511
1518 985
1768 462
1768 492
1768 678
1768 870
1768 1114
1768 1234
1768 1438
1768 1593
1768 1624
1768 1709
1768 1815
1768 1859
1768 1961
1768 2024
1768 2085
1768 2138
1768 2148
1768 2330
1768 2531
1768 2576
1768 2661
1768 2717
1768 2753
1768 2802
1768 3028
1768 3137
1768 3237
1768 3242
1768 3265
1768 3271
1768 3620
1768 3733
1768 3834
1768 3837
1946 259
1946 415
1946 524
1946 1297
1946 1414
1946 2695
1946 3679
2818 2947
198 2930
2930 334
2930 932
2930 1312
2930 2822
2930 3393
199 538
199 1364
200 613
200 1388
613 336
613 384
613 475
613 607
613 644
613 843
613 1289
613 1347
613 1880
613 1887
613 1989
613 2019
613 2097
613 2305
613 2339
613 2392
613 2509
613 2805
613 2940
613 3023
613 3162
613 3499
1388 1547
201 765
201 865
201 970
201 1335
201 2049
201 2097
201 2664
201 2736
201 2861
865 1031
865 1841
865 2379
865 2876
865 3308
970 3271
970 3733
1335 2304
1335 3209
2049 2233
2049 2990
2097 682
2861 384
2861 731
2861 751
2861 1274
2861 1936
2861 2486
2861 2715
2861 3058
202 1489
202 3271
202 3627
3271 420
3271 440
3271 2723
3271 3733
3271 3898
203 1296
203 1696
203 2681
203 3156
1296 597
1296 961
1296 1089
1296 1190
1296 1212
1296 1246
1296 1557
1296 1659
1296 2179
1296 2419
1296 2515
1296 2973
1296 3122
1296 3218
1296 3346
1296 3441
1296 3467
1296 3670
1296 3675
1296 3737
1696 762
1696 960
1696 1182
1696 1252
1696 2678
1696 3195
1696 3693
1696 3776
2681 512
2681 651
2681 1190
2681 1221
2681 1238
2681 2127
2681 2200
2681 2505
2681 2515
2681 2667
2681 2716
2681 2875
2681 2897
2681 3037
2681 3156
2681 3220
2681 3365
2681 3385
2681 3553
2681 3560
2681 3765
3156 1188
3156 2722
3156 2820
273 271
726 1528
726 2288
726 2971
726 3182
726 3285
726 3453
726 3517
1524 1729
1524 3136
1524 3170
1524 3659
3167 3326
3167 3825
3285 353
3285 482
3285 711
3285 1216
3285 1233
3285 1237
3285 1353
3285 1454
3285 1455
3285 1483
3285 1988
3285 2154
3285 2176
3285 2453
3285 2895
3285 2971
3285 2979
3285 3170
3285 3659
3285 3808
3285 3851
205 1197
1197 2647
478 1265
478 1556
478 1632
478 2684
478 3806
1586 1188
1586 2923
1586 3200
1586 3292
1586 3443
1897 470
1897 575
1897 1216
1897 3864
3509 209
3509 960
3509 1487
3509 1846
3509 2211
3509 2359
3509 2610
3509 2625
3509 3448
3509 3686
3509 3689
3509 3740
3509 3802
207 3374
3374 1681
3374 1917
3374 3227
208 604
208 820
208 1682
208 3860
604 232
604 599
604 1173
604 1729
604 3207
604 3775
820 442
820 1715
820 1808
820 2792
820 3612
1682 1275
1682 1739
1682 2996
1682 3218
210 3196
3196 1233
3196 2111
211 561
211 611
211 1796
561 1776
561 3513
561 3621
611 289
611 362
611 1683
611 1796
1796 576
1796 1155
1796 2433
1796 3074
1796 3123
1796 3191
1796 3326
1796 3603
213 2130
2130 2288
2130 2993
2130 3670
2130 3899
214 1439
214 1764
214 2194
214 2461
214 2580
214 3875
1764 2114
1764 3460
2461 464
2461 2663
2580 3565
3875 411
3875 944
3875 1292
3875 1624
3875 2074
3875 3778
215 813
215 1744
215 1791
215 2574
215 3553
813 2806
813 2895
1744 1538
1744 3345
1744 3412
216 2468
2468 471
217 1183
1183 1732
218 624
218 1474
218 1481
218 2019
218 3618
218 3705
624 2586
1474 2284
1481 1514
1481 1846
2019 702
2019 1850
2019 1880
3618 1103
3618 2848
3705 1547
3705 1846
219 298
298 1460
1238 421
1238 431
1238 1109
1238 1411
1238 2326
1238 2979
1353 803
1353 2025
1353 2032
1353 2237
1353 2979
1353 3299
1846 702
1846 1063
1846 1117
1846 1732
1846 2211
1846 2351
1846 3513
1846 3686
1846 3872
3898 282
3898 3733
221 1461
221 1538
221 1827
221 2517
221 2781
221 3218
221 3799
1461 421
1461 2589
1538 757
1538 759
1538 1386
1538 2147
1538 2206
1538 2242
1538 2279
1538 2414
1538 2858
1827 835
1827 1985
1827 3775
2781 509
3218 306
3218 888
3218 919
3218 1089
3218 1293
3218 1557
3218 1985
3218 2119
3218 3217
3218 3412
3218 3550
3799 761
3799 1985
3799 3448
3799 3556
3799 3867
1683 3247
1931 250
1931 260
1931 341
1931 2528
1931 3037
1931 3840
2291 608
2291 1198
2291 1286
2291 1697
2291 1817
2291 1855
2291 1954
2291 2031
2291 2299
2291 2370
2291 2378
2291 2673
2291 3181
2291 3667
2291 3818
3037 2092
1564 1032
1564 1084
1564 2269
1564 2512
225 758
225 2139
758 2625
2139 575
2139 1097
2139 2871
2139 3330
2139 3611
2139 3690
226 597
226 2712
226 3612
2712 608
2712 1680
2712 1947
2712 2275
2712 2314
3612 497
227 550
227 1131
227 2348
227 2668
550 421
550 1047
550 1248
550 1359
550 2484
550 2807
550 3229
550 3433
550 3584
550 3634
550 3762
1131 393
1131 1198
1131 3775
2348 971
2668 1947
2668 2570
228 1982
228 2365
2365 497
2365 2153
2365 3833
229 1470
229 1940
229 2446
229 2626
229 3323
1470 628
1470 1917
1470 2803
1470 3107
2446 3358
2626 569
231 1042
231 3459
1042 515
1042 1284
1042 2050
1042 3460
3459 722
3459 1141
3459 2550
3459 3501
232 560
232 1140
232 1397
232 1453
232 1633
232 1713
232 1853
232 2849
1397 828
1397 2188
1397 2470
1397 3314
1397 3619
1453 326
1453 359
1453 1468
1453 1556
1453 1736
1453 2169
1453 2776
1453 2849
1453 3054
1453 3407
1453 3488
1633 1857
1713 1265
1853 1836
233 2813
2813 389
2813 1954
2813 2370
234 496
234 1937
1937 665
1937 3170
237 411
237 1305
237 1855
411 248
411 837
411 1451
411 2159
411 2215
411 2758
1305 934
1305 1060
1305 3094
1855 868
1855 1248
1855 1992
1855 3185
1855 3224
1855 3292
1855 3445
1855 3662
1855 3757
238 1473
1473 3574
240 2427
240 2666
2666 832
2666 1460
2666 1656
2666 2152
2666 2754
2666 2979
2666 3151
2666 3398
241 2323
2323 1475
2323 3833
243 2113
244 3229
3229 723
3229 932
3229 1261
3229 2200
3229 2415
3229 3245
3229 3394
3229 3405
3229 3444
245 1218
245 1737
1737 2425
1737 3890
246 2232
2232 2278
2232 2823
2232 2956
247 1721
247 2062
2062 2079
250 1722
1722 2166
251 576
251 955
251 1925
251 2933
251 3239
251 3437
576 2933
576 3170
955 3864
1925 1322
2933 582
2933 675
2933 1063
2933 2173
2933 2519
2933 3793
3239 482
3239 2166
3239 3764
3437 545
3437 2338
3437 2463
3437 2762
3437 3034
3437 3339
3437 3793
253 2400
2400 2990
835 482
916 1685
916 2008
1770 2696
2383 1975
2383 2559
2383 3123
2404 3076
2404 3558
2404 3747
2497 1316
3415 3442
3460 485
3460 1716
3460 3233
3832 267
3832 2444
255 1067
255 1366
1067 3665
1366 3729
569 1927
569 2021
569 2431
569 3667
569 3882
687 446
687 3882
3882 3128
259 415
415 483
415 712
415 1323
415 1341
415 1368
415 1435
415 2313
415 2709
415 2757
415 2807
415 3834
260 897
262 601
601 3256
2081 2178
2081 3840
264 370
264 418
264 732
264 1478
264 2362
264 2402
264 3779
370 673
370 2786
370 2880
370 3083
370 3133
418 720
418 2354
418 3058
418 3297
732 1331
732 3484
1478 1485
1478 2286
1478 3480
2362 1076
2362 2507
2402 1376
3779 317
265 650
650 2689
650 3236
266 3369
267 1838
267 2410
267 2812
267 3851
1838 2812
2410 524
2410 2292
2410 2757
2410 3645
2410 3752
2812 412
2812 691
3851 371
3851 815
3851 2209
3851 2780
294 296
294 767
294 941
294 1557
294 1576
294 1584
294 1698
294 1747
294 1847
294 2472
294 3771
294 3780
294 3801
1522 1521
1765 2603
1765 3890
2603 957
2603 2572
271 1498
271 1795
271 2879
271 3699
1498 3122
1498 3382
1795 799
1795 2309
1795 3028
1795 3669
2879 2094
2879 3436
3699 488
3699 1011
3699 2720
272 1436
1436 316
1436 1286
1436 2708
1436 3009
666 1821
1687 2266
1687 2351
278 3804
3804 1832
3804 1972
279 948
279 2507
948 1733
948 2684
948 2858
2507 1945
2507 2535
315 1047
315 3331
469 3681
700 1322
700 1804
700 2753
700 3292
700 3555
700 3650
1165 771
1165 1852
2272 748
2654 2993
2986 3791
3001 1337
3001 1454
3001 2593
3650 563
3650 921
3650 1497
3650 1788
3650 2114
3650 2753
3650 2921
3650 3036
3650 3862
3653 1800
3653 3522
3653 3823
3653 3840
3771 699
3771 1217
3771 1440
282 2325
2325 1181
2325 1383
2325 2618
283 2791
2791 2167
284 1262
1262 717
1262 769
1262 3631
1262 3682
1262 3775
287 401
401 521
401 2978
401 3698
401 3827
288 1138
288 2013
288 2747
288 3123
288 3783
1138 351
1138 568
1138 1452
1138 2249
1138 2405
1138 2737
1138 2858
1138 3701
2013 1263
2013 2322
2013 3169
2013 3546
2747 2572
2747 2998
2747 3123
2747 3507
3123 413
3123 444
3123 1527
3123 1567
3123 1662
3123 1709
3123 1878
3123 1919
3123 2528
3123 2983
3123 3018
3123 3044
3123 3106
3123 3177
3123 3833
3123 3835
3123 3840
3783 2820
289 1379
289 1767
289 2739
289 3078
1379 717
1379 2542
1379 3631
2739 1615
3078 579
3078 596
3078 857
3078 1850
3078 2211
3078 2269
3078 2760
3078 2932
3078 3752
3078 3835
290 408
291 518
292 833
833 2178
932 626
932 919
932 1061
932 2821
932 3087
1769 430
1769 552
1769 1024
1883 3780
1936 1443
1936 2808
2202 1339
296 2264
767 683
767 2619
767 3573
767 3643
1557 1544
1557 2658
1557 2682
1557 3133
1576 450
1576 1220
1576 3573
1576 3617
1576 3643
1576 3780
1698 3573
1747 3573
1847 1192
1847 2476
1847 3861
2472 2203
3801 2590
297 2589
299 2795
299 3803
2795 421
2795 1072
2795 1195
2795 1619
2795 2018
3803 3361
3803 3388
2127 965
2127 1303
2127 1390
2127 1640
2127 1889
2127 2092
2127 3727
2127 3786
3534 2529
452 3457
1705 895
1705 1325
1705 1435
1705 2846
1705 2850
2303 453
2303 1322
2303 1490
2303 1570
2303 2306
2303 2598
2303 2917
1686 1151
1686 2273
1686 2409
2647 715
2647 1596
2647 1608
2647 1761
2647 2007
2647 2104
2647 3004
2647 3493
3890 557
3890 598
3890 1170
3890 1298
3890 1425
3890 2059
3890 2356
3890 2617
3890 3493
3890 3515
305 1443
1443 676
1443 911
1443 1694
1443 2102
1443 2827
306 497
306 1588
497 891
497 1798
497 1802
497 2895
497 3068
497 3099
497 3122
497 3642
497 3659
1588 1709
1588 3035
1588 3350
1588 3359
1588 3380
423 533
423 748
423 1057
423 1632
423 2263
423 3635
677 1566
1077 361
1077 2423
1876 535
1876 801
1876 2789
1920 1644
1920 3183
1920 3265
308 1788
1788 658
1788 736
1788 1864
1788 3292
309 653
309 2800
309 3028
3028 445
3028 514
3028 847
3028 894
3028 1137
3028 1361
3028 1778
3028 1954
3028 2043
3028 2051
3028 2275
3028 2785
3028 3181
3028 3411
3028 3603
739 638
739 1441
739 2166
790 3118
1401 470
1401 1509
1401 1812
1401 2140
1401 2684
1401 3639
2140 938
2140 1394
2140 1509
2140 1875
311 2488
313 3015
313 3884
3015 1185
3015 1370
3015 3231
3015 3746
3884 667
2054 1909
1047 748
1047 934
1047 1593
1047 2615
1047 2827
3331 600
317 1216
317 1352
317 1710
1216 500
1216 629
1216 2470
1216 2606
1216 2615
1216 2738
1216 2907
1216 2958
1216 3775
1352 3087
1710 1863
1710 2321
1710 2391
1710 2494
1710 2622
1710 2738
1710 2834
1710 3384
318 991
318 3587
991 2320
3587 2338
3587 2762
3587 3867
1231 3497
1231 3666
2152 2476
2152 2754
2152 3379
2152 3461
3755 1486
320 773
320 2616
320 2920
773 1547
773 1736
773 2213
773 2276
773 3677
2616 1283
2616 1701
2920 771
2920 1181
2920 2465
2920 3431
965 422
965 686
965 743
323 937
2561 3806
557 358
557 2793
731 349
731 1109
731 1479
731 1662
731 1835
731 2207
731 3644
863 398
863 2744
863 2881
863 2891
863 2895
863 3827
1205 1034
1205 2476
1312 454
1312 810
1312 912
1312 1082
1312 1556
1312 1653
1312 1693
1312 1861
1312 2280
1312 2380
1312 2673
1312 2684
1312 2761
1312 2822
1312 2904
1312 3109
1312 3195
1312 3300
1312 3429
1312 3667
1312 3760
1312 3826
1477 1743
1477 1792
1477 2907
1477 3757
1595 2808
1716 529
1716 1188
1716 1309
1716 2023
1716 2338
1716 2569
1716 3086
1716 3318
1716 3796
2078 2128
2082 3840
2095 919
2095 3741
2169 1556
2169 1784
2687 3293
2687 3343
3138 375
3138 1712
3138 3458
3651 1799
3651 1841
3651 1993
3737 3122
3737 3876
3774 372
3818 1590
3818 3425
328 919
328 2370
328 2923
919 943
919 1028
919 1292
919 1332
919 1360
919 2319
919 2700
919 3584
2923 817
2923 1934
330 636
330 1715
330 3610
636 806
636 1839
636 2071
636 3511
1715 694
1715 856
1715 1574
1715 2243
3610 662
3610 1328
3610 1581
3610 3141
3610 3833
331 2032
2032 2110
2032 2776
2032 2838
2032 3662
333 1485
1485 1323
1485 1592
1485 1872
1485 1894
1485 1896
1485 2714
1485 3129
1485 3255
1485 3357
334 3083
3083 1306
3083 2396
3083 3309
3083 3611
335 2564
335 3833
3833 825
3833 2352
336 2381
336 3087
3087 1054
3087 2386
3087 2428
3087 2817
337 1519
337 2543
337 3358
1519 2351
1519 3292
2543 3663
3358 349
3358 3576
3358 3775
340 987
987 675
341 2043
341 2354
341 3136
341 3294
2043 559
2043 1783
2043 1823
2043 1837
2043 3407
3294 845
343 421
343 1323
421 2257
421 2338
421 2550
421 2656
421 2762
421 2894
421 3511
421 3797
1323 2872
1323 3082
345 1626
345 2702
1626 1123
1626 1995
1626 2783
1626 3151
2702 996
346 3230
3230 1799
348 1938
348 2149
2149 1995
2149 2123
2149 3663
2149 3682
349 1662
349 2752
1662 789
1662 906
1662 971
1662 1835
1662 2207
1662 2268
1662 2450
1662 2509
1662 3250
1662 3421
1662 3697
1662 3888
3412 1665
353 2199
2199 3488
638 859
638 942
638 961
638 1223
638 2186
638 2398
638 2954
638 3573
638 3636
942 1502
1378 2399
1378 2593
2203 2544
2829 2198
3293 2520
3293 2972
3293 3127
3293 3886
3293 3888
3458 3421
3458 3878
3788 2186
356 3786
357 1030
357 1076
357 2945
1030 578
1030 2963
1076 3061
1076 3552
358 1044
358 3122
1044 409
3122 828
3122 885
3122 1089
3122 1318
3122 2281
3122 2340
3122 3270
3122 3503
3122 3680
359 3690
360 1416
1416 1472
361 2295
2295 1354
362 2271
2271 3461
364 3707
862 1561
862 1831
367 3262
3262 409
3262 1727
369 3096
369 3103
3096 1430
3103 2963
3103 3055
3103 3370
3103 3377
3133 1188
3133 1661
3133 1723
3133 2649
3133 2683
3133 2895
3133 3703
3133 3822
371 691
371 1385
371 2909
691 804
1385 930
1385 2909
2909 643
2909 2067
2909 2902
2909 3634
375 3809
3809 1873
3809 2112
3809 2501
3809 2868
376 529
529 575
529 2864
529 3507
380 1528
380 2256
380 2746
380 2996
1528 2528
1528 2684
1528 3481
2256 2682
2256 3580
2996 484
2996 1132
2996 3288
381 3357
3357 2714
3357 3129
382 2738
2738 649
2738 1990
2738 2541
2738 2622
2738 2907
2738 3742
384 2680
384 2874
385 1521
385 2327
385 3032
385 3605
3032 736
3032 1547
386 1103
565 2555
1084 846
1084 980
1084 1523
1084 2443
1084 2536
1084 3116
3659 1463
3659 2658
1839 472
1839 2599
389 1380
389 2092
1380 1053
1380 1087
1380 1396
1380 1784
1380 2274
1380 2628
2329 530
2329 2584
2329 2749
3086 1309
3086 2597
3086 3834
391 457
391 2597
457 2587
2197 1831
2197 3522
3008 2797
3008 3186
3008 3439
3008 3520
393 1888
1888 2170
1888 2519
396 3652
397 2757
2757 524
2757 1298
2757 1341
2757 2313
2757 2340
2757 3394
2757 3834
398 1793
1793 3004
399 1880
1880 1261
1880 1672
400 762
762 2814
2978 3557
3698 593
3698 2591
3698 3308
3827 2458
402 810
402 997
402 1627
402 2240
402 3245
402 3820
997 1863
997 2907
1627 713
2240 710
2240 3639
3245 1406
3245 3048
3820 649
3820 2907
404 2918
404 3550
2918 1322
2918 1362
2918 1567
2918 1895
2918 2360
2918 2449
2918 2509
2918 2993
2918 3450
2918 3778
2918 3850
2918 3878
3550 1942
405 744
405 3400
744 2341
407 1441
1441 695
1441 1322
1441 1365
1441 3168
1441 3693
409 3606
3606 1276
3606 1332
3606 2018
3606 2041
3606 2111
3606 3480
3606 3819
410 2568
2568 2527
2568 3464
837 488
837 1680
837 2540
837 3061
1451 822
2215 1926
412 1211
412 3814
413 789
413 1144
413 1589
413 1680
413 3637
1144 1219
1144 1611
1144 2872
1680 1500
1680 1502
1680 1592
1680 1889
1680 2091
1680 2636
1680 3639
1680 3747
3637 2793
1263 487
1263 3603
1265 1916
1265 2359
1265 2625
1265 2704
2332 847
2332 1964
2351 614
2351 659
2351 2177
2351 2189
2351 2416
2351 2551
2351 2612
2351 2684
2351 2887
2351 3206
2351 3275
2351 3411
2351 3723
2351 3845
2430 2734
3588 2314
3588 3194
483 1825
483 2368
483 3775
712 2649
712 2947
1435 1004
1435 2793
1435 3456
2807 2661
3834 523
3834 1150
3834 2160
3834 3485
417 1260
417 1991
1260 1192
1260 1558
1260 2057
1260 2419
1260 2895
720 1614
3058 470
3058 806
3297 578
3297 2378
419 1299
419 2762
1299 559
1299 2299
1299 3048
1299 3353
2762 779
2762 830
2762 2338
2762 2492
2762 3328
420 2723
420 3733
2723 3733
3733 440
2257 2756
2257 3234
2338 1904
2338 2242
2338 2546
2550 2749
2894 2797
2894 3429
3511 811
3511 1559
3511 2452
3511 3090
3511 3470
3797 2887
422 577
422 1322
422 3497
577 3837
1322 470
1322 949
1322 1012
1322 2004
1322 2103
1322 2214
1322 2326
1322 2750
1322 2851
1322 2993
1322 3046
1322 3281
1322 3631
1322 3649
1322 3686
1322 3787
3497 2349
3497 3880
3497 3895
533 3662
748 1344
748 1432
748 2119
1057 674
1057 872
1632 555
1632 3846
2263 2777
3635 509
3635 1156
3635 1422
1108 1096
1108 1555
1108 2080
1490 426
1490 586
1490 895
1490 957
1490 2958
1490 3050
1823 885
1823 3380
1823 3416
2937 2740
425 2686
2686 711
427 1727
428 880
880 675
430 3597
3597 1697
431 1634
431 2201
431 2797
1634 1016
2201 2038
2797 543
2797 836
2797 851
2797 883
2797 1226
2797 1342
2797 2261
2797 2275
2797 2340
2797 2350
2797 3429
432 1184
432 2961
432 3599
2961 1709
2961 1804
926 3231
1742 1097
1742 1912
1742 2866
1742 3840
3141 1917
3662 1660
3746 2696
434 603
434 1038
434 1440
434 3175
603 1440
1440 508
1440 651
1440 838
1440 990
1440 1046
1440 1133
1440 2514
1440 3159
1440 3238
435 3518
3518 2143
3518 3689
3904 1278
3904 1446
3904 1678
3904 3671
440 2230
441 648
648 1514
648 2137
648 2546
648 2750
446 693
446 3016
693 1959
447 1539
448 2509
2509 2360
2509 2434
2509 3583
449 828
449 2522
449 2672
828 825
828 1093
828 1181
828 2932
828 2993
2522 2672
2672 783
450 1563
450 3274
1563 809
1563 1694
1563 3274
1563 3573
1563 3643
3274 3573
451 578
451 1826
451 2967
451 3093
578 1153
578 1361
578 1729
578 1817
578 2123
578 2378
578 2688
578 3184
578 3760
1826 2261
2967 1277
2967 1977
3093 674
3093 760
453 1570
453 2598
2598 896
2598 2569
2598 2588
454 2822
456 1657
1657 3321
2587 2248
509 1427
509 3643
461 1307
461 1603
461 1725
461 1879
461 3268
1725 3579
1879 3507
462 1895
462 2511
1895 3525
466 2553
466 2617
2617 3163
467 1248
467 1384
467 3213
1248 589
1248 1295
1248 3634
3213 2471
3213 2671
468 3888
3888 1835
3681 893
3681 1060
3681 2224
3681 3080
3681 3200
470 2211
470 3380
2211 575
2211 960
2211 2133
2211 2932
3380 768
3380 2916
471 1712
471 3590
1712 818
3590 1605
3590 2866
3590 3715
472 768
472 1577
472 1602
472 2599
768 705
768 2599
1577 689
1577 3538
1577 3556
1577 3603
1602 871
1602 1100
2599 1724
2599 3309
2599 3710
473 1012
1012 1985
811 572
2409 1035
475 614
475 2314
614 2432
2314 1559
2314 2071
476 2954
2954 3182
2954 3682
2954 3708
477 2278
477 2653
2278 2896
2278 3626
2653 1794
2653 2914
1556 1198
1556 1821
1556 2299
2684 1733
2684 1942
2684 2858
2684 2956
2684 3177
479 2154
2154 1350
2154 1871
2154 2335
2154 2414
2154 2660
2154 3767
480 1282
481 788
481 3443
2368 3691
3775 1448
3775 1717
3775 1837
3775 2091
3775 2258
3775 2458
3775 2520
3775 3313
484 1531
1531 1120
1531 2827
1531 3773
485 645
645 586
645 983
645 1752
645 3648
645 3798
674 2094
674 2419
1230 960
1367 829
2213 3092
2520 1002
2520 2252
2520 3105
2520 3313
2737 1829
2737 3029
2737 3678
2737 3899
2748 1097
2748 1790
2748 2657
2804 2483
3100 2491
3339 1774
3339 3381
487 1343
1343 1027
488 2948
2948 983
489 2226
2226 878
491 907
907 1700
907 3210
492 1061
1061 793
1061 2148
1061 3572
493 889
493 3005
2895 1152
2895 2018
2895 3487
3068 2679
3068 2764
3099 1107
671 2815
671 2882
1015 1458
1985 2688
1985 3173
502 2842
2842 2282
1647 511
1647 930
3488 3054
506 660
660 1122
660 1708
660 2364
660 2872
660 3782
3800 2451
3643 2619
3643 3573
511 593
511 1206
511 1833
513 3120
3120 793
3120 3569
515 818
818 1614
818 1684
818 1692
517 2296
3451 2310
522 1929
522 2750
2750 2208
523 1901
524 617
525 2573
2573 3432
526 3854
3854 2476
528 3139
575 596
575 825
575 1689
575 1697
575 2214
575 3306
3507 2846
3507 3740
530 695
530 2429
530 3861
695 1506
1119 3345
2881 929
3345 545
3345 622
3345 756
3345 1541
3345 2098
3345 2489
3345 2503
3345 2682
3345 2783
3345 2825
3345 3043
3345 3759
1188 1069
1188 2166
1188 2181
1188 3825
1270 1074
1270 2188
1572 2369
1572 3438
535 2234
535 2242
535 3378
2242 3053
3378 708
3378 2026
3378 2557
662 1743
1456 1529
1456 2004
1456 2166
1456 2525
1816 1695
1816 3261
2493 3772
3433 2214
3433 2775
3433 2993
3433 3041
3433 3422
1029 1619
1328 1578
1328 2476
1328 3573
1372 2476
1619 3492
3029 1578
3029 2476
3029 3573
3505 3054
3573 1156
3573 1616
3573 1694
3573 2047
3573 2659
1215 2720
542 3153
3153 736
543 2940
543 3527
2940 675
2940 2773
2940 3527
544 2744
2744 1476
2744 3161
545 2942
545 3034
3034 2114
3034 3186
546 2454
547 3411
3411 2055
3411 2275
548 1850
1850 2183
1850 2188
1850 3036
1537 3116
1537 3891
2029 840
2029 1351
2029 1732
2029 2021
2029 3129
2274 2625
2274 2628
1359 2116
3584 3174
3634 3203
3634 3515
3634 3666
1365 1752
1365 2403
1365 3867
1916 1549
1916 2304
1916 3524
552 649
552 2160
552 2591
552 2622
649 1290
649 2391
649 3742
2591 1676
2622 3384
553 675
553 3402
675 756
675 1117
675 1141
675 1361
675 2773
675 3042
675 3448
675 3489
675 3540
675 3593
675 3670
675 3831
675 3843
3402 1390
554 1664
555 1714
556 1476
1476 2975
1476 3185
1476 3512
2793 982
2793 2512
2793 3409
1966 3361
2275 733
2275 1736
2275 2459
2275 3065
2275 3191
559 3499
3499 2491
3513 866
564 2636
2555 2783
2993 1222
2993 2124
2993 2441
3850 1637
1927 757
2021 1774
2021 2053
2021 3658
2431 1549
2431 2181
2431 2706
2431 2947
3667 2972
3667 3048
3667 3903
571 1565
571 2331
571 3718
2331 791
3718 1252
3718 3319
596 1192
825 1133
825 2070
1689 1080
1697 1286
1697 1356
2214 1173
3306 2356
3170 877
3170 1327
3170 1908
3170 2288
1361 3191
1729 1168
2123 3200
2378 1244
2378 1396
2378 3542
2688 2073
2688 3583
3184 2143
580 1573
1573 1310
2689 1193
582 1505
582 2181
2181 1166
2181 2620
2088 3219
2358 591
2358 900
3736 1892
3736 2339
3736 2783
3736 3453
3736 3807
3177 885
586 2133
586 2947
2947 998
2947 1295
2947 3439
587 3012
3012 1515
3012 2919
588 3126
3126 755
3126 1327
3126 2650
589 791
589 3406
791 3723
590 1217
1217 1591
1217 2026
594 1225
1225 824
595 3212
595 3878
3212 2382
3878 1166
3878 3751
600 3859
3859 2950
3256 2658
1173 857
1173 989
1173 2188
1173 3824
605 3695
606 1010
1010 1147
1010 3865
3281 3515
3416 1166
3416 1751
3416 2621
3416 3562
612 2034
612 2695
2695 2162
2695 2916
2695 3454
1887 2528
2305 2593
2305 2646
2339 1934
2339 2467
2339 3450
2392 2462
2805 1718
3023 1089
3023 2107
3023 3694
616 3085
3085 804
3085 2724
618 1990
618 2896
1990 2834
1990 3742
1861 1255
1861 2569
1861 3796
620 853
853 3758
626 2735
629 3886
3886 913
631 3326
3772 3447
633 713
634 2094
2094 996
2094 2862
2094 3114
2094 3144
2094 3693
806 1600
806 3453
806 3596
806 3763
2071 1329
2071 3059
961 3661
2186 1783
2398 2489
2398 3453
639 2245
2245 2405
2393 3129
2489 1348
3684 3290
642 2455
642 2916
642 3840
2455 1845
2916 953
3840 1820
3840 2277
643 2902
983 725
1752 1600
3648 1052
646 785
647 2803
647 3265
3265 3724
1514 1543
2137 2820
2137 3867
2546 3454
1290 2494
3742 1863
3742 1969
3742 2165
3742 2710
3742 2907
1591 2249
1655 1578
1732 854
1732 1093
1732 2359
1732 3232
1732 3793
1902 1543
2904 1995
2904 2776
2929 1021
3585 1142
654 3572
3572 1811
655 1614
655 2496
1614 3841
659 1913
2872 895
2872 1381
2872 3180
2872 3778
3782 1026
3782 1975
1743 724
1743 1031
1743 1504
1743 2639
1678 1414
1678 3299
2893 1264
2893 1609
2249 1001
1821 2225
670 3169
3169 1464
3169 2508
3169 2784
3169 2988
3169 3002
3169 3047
3169 3510
2815 1773
2815 3440
2882 3375
2882 3544
1160 2073
1160 3825
2538 1097
2538 1446
2760 1813
2760 3035
2760 3557
2760 3641
2419 1475
756 3447
1141 2184
1141 3845
3448 958
3448 960
3448 1800
3448 2448
3448 2932
678 2330
2330 747
680 2950
682 1469
1469 1642
683 2335
2248 2519
2248 2919
2858 1617
2858 1733
2858 3191
2985 778
3049 3631
3638 1504
3638 1792
3638 1810
3638 2022
3638 2269
3638 2376
3638 2530
3638 2910
3638 2969
3638 3280
3638 3532
686 2106
1327 918
1327 1050
1327 1974
1327 2542
1327 2582
1327 2979
1327 3596
1507 755
1507 3302
1959 2091
1506 2790
1506 3104
699 1298
699 1706
699 3147
1298 1540
1298 3492
1706 1273
1706 1728
2753 2850
792 2713
702 1078
1078 1482
704 3313
3313 1002
3313 1448
3313 1835
3313 1837
3313 2207
3313 2258
3313 3105
3313 3417
3313 3602
3313 3658
1066 824
708 1553
708 2026
1553 2026
2026 3226
709 3405
710 1509
1509 1598
714 886
715 3689
3689 2618
3689 2779
2359 803
2359 935
2359 1552
2359 1567
2359 2057
2359 3036
717 1154
717 2965
1919 1273
1919 2502
1919 3418
1919 3810
2188 1186
3525 960
3525 1429
3525 3222
3525 3309
724 1567
2288 1233
2288 2070
2288 2080
2288 3182
2971 918
2971 1233
2971 2761
3182 1465
3182 2070
3182 3481
3453 2178
3517 2380
1196 984
819 3149
1252 3870
1635 878
1635 2559
1635 2951
1635 3467
3080 821
3080 2535
3308 2644
1109 3273
1835 2450
1331 2031
1331 2414
1331 3862
3484 3127
736 1517
736 1604
736 2002
736 2355
736 2715
1604 3392
2002 3333
2355 2788
2355 3864
737 2639
738 1454
2166 841
2166 1527
2166 2652
2166 2806
2166 3479
2166 3570
2166 3738
2166 3905
1316 2167
1344 2642
1344 3793
2119 1092
750 2966
751 2015
2015 2221
2015 2321
2015 2834
2015 2907
2015 3706
1302 3765
753 1170
1170 2700
1170 3657
2697 1016
2697 1137
2697 2233
2697 2416
3150 1669
757 2147
757 2414
757 2460
2414 1311
2414 1719
2414 1794
2414 2035
2414 2886
2625 1256
2625 3822
761 2949
2619 3180
771 3431
3431 1092
3431 1631
3431 3666
1547 831
1547 1886
1547 2193
1547 2835
1547 2846
1547 3382
1547 3409
1547 3625
1736 3403
2276 1310
2276 2643
2276 3748
774 2635
1060 2499
1198 2570
1993 2055
2476 1800
2476 2298
2476 3349
2476 3617
2869 2132
3492 1314
3692 2867
779 2205
2205 1455
2205 1571
2205 2334
2205 3819
782 2606
2606 1693
2606 1870
2606 1957
3118 1227
2713 3301
793 1039
1039 2972
1039 3343
3351 1072
2196 3604
1896 2440
1896 2527
1896 2618
2624 2189
798 1008
798 3432
1008 2860
1008 3054
3432 1159
3432 2250
2761 2018
2761 2178
2761 2927
2761 3288
2761 3876
801 898
801 2108
801 2734
2734 1073
2734 1979
2734 3811
802 845
802 1641
845 3407
1641 2717
1641 3089
803 2979
2979 1013
2979 3379
2979 3461
1600 1264
3596 1233
3763 1133
2806 1709
2806 3200
2806 3704
814 2050
814 2776
815 2209
815 2229
2209 2363
817 2683
2683 3163
3149 1292
1808 1058
1808 3836
822 2740
823 2252
823 3661
3661 2905
824 1585
1133 2023
1133 2771
2070 2066
2070 2080
2070 2178
826 1242
1181 1666
1181 1977
1181 3712
2932 960
832 3461
3461 2754
3461 3379
2178 2582
2178 2816
2178 3140
2540 1085
2540 1342
2540 3340
838 3094
839 3633
3633 2590
3633 3474
840 2135
841 2590
846 3674
846 3794
846 3829
3794 3658
1168 2696
851 3413
854 1613
855 1024
1024 1110
856 2072
856 3702
2072 1666
1189 1533
1831 3185
864 996
864 2134
996 951
996 1123
996 2210
996 3219
1841 2385
877 1975
877 3159
877 3885
1975 3446
1975 3885
878 2528
2528 1005
2528 1820
881 1339
885 957
885 1898
957 2074
890 2677
890 3740
2677 2357
3740 1089
3740 1123
3740 2223
3740 3240
893 2700
894 1063
894 1325
1063 3622
1325 3889
895 1922
2558 1739
2718 1073
2810 2167
903 2866
2866 1001
2866 1963
2866 2148
2866 2956
2866 3348
2866 3581
2300 1062
1700 3580
910 2008
2008 3383
2008 3805
913 1009
1009 2655
1009 2977
914 2839
914 3703
2839 3160
3703 2458
915 2006
915 2466
2006 2794
2006 3556
1685 3018
943 1992
943 2269
1292 1472
1292 1960
1292 2441
1292 2963
2319 2581
3158 1412
1142 1403
1446 1381
3084 2246
3231 968
929 1720
929 2537
2537 3368
931 1903
931 3228
931 3679
3679 1997
933 1040
935 3664
3036 3320
3036 3752
2269 1104
2269 1543
944 1624
951 3105
951 3682
3105 1002
952 1675
952 2448
2448 1800
2448 2406
954 1233
3864 1688
3864 2114
3864 3625
960 1166
960 2416
960 3669
2416 3704
1002 1717
1349 1356
1349 2567
2519 1681
2399 1336
2399 1400
2399 2175
2399 2191
2399 2878
2399 2972
1254 1475
1254 2352
1386 3611
1386 3715
973 2376
2171 2394
2173 2802
3115 2494
978 1863
1863 2165
2179 2424
2179 3062
989 3251
2907 2494
2907 2541
2907 2710
2907 2834
2907 3541
1000 3191
3191 3845
1004 1643
1005 1884
3054 1772
1458 2512
1016 2337
2884 2091
2884 2470
1429 2769
1869 1041
2228 3842
2995 2724
3180 2782
3180 2796
3425 2462
3819 2941
1026 1232
1232 1219
2963 1836
2963 3307
1032 1945
1032 2648
1945 3299
1914 3614
1034 3065
2972 2343
2972 2593
1162 2373
1559 3397
1756 3055
1947 2467
2148 2662
2405 3013
2405 3603
2820 3813
3243 2474
3243 3845
3556 3476
2615 2306
2615 2679
2615 2809
2615 2834
1186 1310
1059 2413
2413 1792
1062 1724
2091 1569
2091 3494
2532 2607
2984 1525
3186 1475
3186 2227
3186 2462
3186 2584
3186 3375
3186 3376
1068 2098
3384 2494
3384 2834
3384 3260
1482 2297
1079 2475
1079 2486
1079 2652
1083 2576
2576 1745
2576 1971
2576 2585
2576 3456
1523 1212
3116 2840
3129 2714
3129 2987
1090 2852
1097 3785
3785 2462
3899 1857
1114 3515
2873 3468
3309 3611
1105 2453
2453 1560
2453 2396
2453 3019
2080 2041
2080 3011
3273 1304
3273 3048
1111 3410
3410 1731
1112 1851
1851 2241
1541 1129
1541 2158
1541 2220
1954 2483
1954 2582
1954 3039
1954 3181
3725 3002
3515 1273
3515 2042
3515 2604
2946 1956
1125 2163
2163 1357
2163 3113
2163 3876
1264 1143
1264 2531
1129 2023
2023 3372
2771 2363
2771 2837
1135 2155
1135 3143
2155 2299
2155 3048
2155 3189
2155 3258
2155 3353
2155 3363
3143 3536
1452 1526
1452 3739
3845 2770
1143 1558
1558 2131
1145 2299
1159 1320
1159 1581
2073 2069
1161 2445
1164 2334
1164 2374
2374 3524
2525 2610
3704 1709
3824 3445
1177 3514
1177 3620
2584 2775
2584 3288
1977 1277
1977 1484
1182 1503
1182 2505
1310 2053
1310 2114
1310 2780
1193 3530
1194 3626
1199 1309
1199 2356
2356 3121
1200 1404
2943 3510
1203 1618
1213 1376
2470 1803
1228 3450
1236 1592
1702 3013
2610 3838
1244 1653
1653 2342
1653 3673
1245 2144
2144 2585
1246 2755
1247 1761
1247 1811
1247 3033
1295 3454
1251 1396
1396 1369
1396 1800
1396 2406
1396 3106
1475 2177
2352 1280
2352 1486
2352 3895
1392 3429
3542 2578
3631 1760
3603 2421
3603 3393
3539 2301
1271 1497
3009 1972
3867 1670
1273 3017
3017 2420
1278 2131
1285 1960
1286 2457
1287 1956
1956 2811
2494 1622
2494 2221
2494 2679
2494 2834
2494 3426
2494 3541
1472 1437
1293 3316
3454 3050
2973 3270
3048 2491
3353 2717
3765 3364
1303 2083
2833 1444
2833 2425
2912 1810
3367 3741
3640 2233
2053 2889
2114 1560
1693 1890
3109 3903
3429 1672
3429 3179
3429 3340
3826 2826
3826 3558
2167 2770
2167 3164
1317 2193
1317 3052
2193 2563
3052 2220
3052 2730
2004 3252
2004 3419
3082 1998
1578 1694
1337 3757
3757 3238
3757 3290
3757 3362
1345 1574
1348 2175
2025 3072
3299 2535
3194 1494
3194 2604
3194 3338
2403 2530
1371 2360
2360 1493
1844 3051
1871 2732
1871 3371
2593 3291
2628 3839
1383 2618
2618 3546
3611 1630
1387 2506
2506 3269
2387 2847
3137 1671
1800 2406
3106 2766
3619 2592
1812 2112
1407 1549
1549 2195
1412 2480
1421 2477
2477 2867
2477 3140
1422 3749
1424 3320
1433 1728
3456 3045
3739 2892
3739 3842
2512 3728
2823 1973
3185 3719
3512 2087
3512 3266
2297 2138
1483 3546
1894 3770
1487 2796
2796 1543
2796 1760
1500 2236
3104 3215
3104 3325
3104 3421
1598 2435
1598 3537
1906 3734
1969 3615
2390 2183
3389 3165
3409 2075
3409 2524
1516 2633
2633 2855
1525 1820
1820 3766
1527 2104
1527 3171
1527 3396
2104 2079
2289 2523
3376 2294
2279 1550
2279 1864
2279 2014
2658 2277
3397 1771
1562 3135
3438 3172
1957 2107
3035 3557
1596 3663
3663 1998
3663 2018
2435 1988
2435 3154
3537 2952
2250 2107
1601 2941
3392 3330
1606 2663
1622 1774
2583 2069
1629 3418
1857 2701
2717 2741
1646 3500
1646 3549
3500 2724
1649 2462
2462 2994
2462 3348
1652 2056
2056 1830
2056 2974
1656 2754
2754 3379
3321 3571
1672 1703
1864 3708
3821 3193
1986 2716
1986 2875
1986 3632
1739 3401
3776 2706
3776 3708
3013 1772
3013 2534
2321 1867
2321 2508
2834 2221
2834 2438
1711 2725
1723 2989
1734 2246
2246 1921
2246 3726
1740 2724
1912 2036
1912 2554
1745 2662
2662 2799
2662 3565
1751 3807
1757 3304
1760 3475
3475 2707
1822 3154
2366 3157
2024 3508
2802 2889
1771 3352
3004 3206
2115 2530
1830 3709
1832 3754
1834 2051
2183 2837
2485 1866
1856 1930
1856 3543
3708 2262
2732 2437
2789 2928
1899 2671
2671 3056
3810 3578
1926 3427
3427 3215
1987 2162
2426 2120
2458 3363
2731 2010
2794 2086
2046 2862
2046 2976
2046 3568
2674 2837
2059 3198
2065 3728
2077 3769
3769 2124
2086 2936
2099 3127
3278 2679
3767 3110
3189 2478
3570 3057
3570 3076
3064 2340
3064 3031
2816 3717
2643 3748
2646 2921
2581 3732
2340 3571
3571 3043
3571 3436
3381 3121
3121 3134
2396 3463
2396 3646
2994 3455
2679 2710
3541 2727
3368 3442
2539 3325
3830 3356
2572 2998
2600 2650
2637 3474
2924 3408
2728 3338
3160 3551
3044 3828
3264 3355
3190 3578
3319 3847
3880 3516
