2890 902
1883 889
942 223
2894 660
2 35
1880 452
2593 851
947 782
948 531
7 500
2901 1080
1591 418
952 788
1889 248
956 789
958 845
961 1076
1893 455
963 21
3857 881
1897 107
967 166
16 156
2918 520
2570 775
972 19
19 191
1907 598
977 1108
44 822
1915 479
704 1039
1917 768
35 457
3733 904
2940 336
38 608
2944 233
1932 1062
1258 458
1716 84
48 844
2950 212
49 276
2955 162
2956 1017
53 97
1010 1115
827 391
1012 566
1945 129
299 911
152 379
1891 36
64 101
2972 258
1017 830
66 641
1022 1112
608 199
1029 976
1970 1035
75 579
1032 989
1732 282
1977 368
1975 141
795 864
2547 413
2153 737
85 126
1045 323
1985 313
1047 813
3002 477
1048 1101
92 743
1811 744
443 686
2803 288
3865 450
1056 898
1999 805
1057 1100
2588 397
1062 1099
1064 648
2865 470
229 706
2903 157
2013 2
899 942
2166 523
2017 632
113 1065
2025 372
118 958
2026 534
3108 386
121 231
1078 1021
3036 65
2684 286
971 860
2038 104
2039 139
659 478
266 314
901 606
195 381
1097 339
2052 617
2952 0
1099 906
2595 401
1677 127
3067 333
1101 201
1102 338
913 492
341 64
165 33
1106 295
3080 358
171 504
1110 316
3084 690
3086 354
180 1072
2071 1006
1116 290
1117 289
1126 190
3090 797
190 891
2084 692
192 1057
1123 14
196 751
199 800
200 973
202 959
1223 936
203 513
665 669
206 341
1132 15
1257 1025
2823 395
211 645
1140 280
1141 17
3257 278
3117 613
2114 546
2841 20
218 626
2762 480
221 644
1415 548
223 747
2296 658
1152 143
227 748
230 753
2129 551
3130 713
232 629
233 206
1401 1060
2138 600
2139 502
2140 1040
2508 695
3423 981
3142 406
2146 694
1166 680
1475 561
3151 928
2152 705
1171 1034
1173 956
2155 715
1431 1031
2156 214
1178 616
1179 615
264 256
3161 367
614 499
2169 525
1198 923
270 535
151 287
272 115
3628 786
2175 783
275 117
678 659
1662 29
1926 225
281 552
2612 96
747 237
288 116
289 227
1217 8
1219 112
2370 203
3181 208
2174 990
2250 193
166 1074
3714 5
1238 153
829 78
1241 253
830 318
2207 349
3204 495
1251 308
3209 938
1772 820
3211 536
315 456
2217 4
318 45
319 496
2628 818
2227 98
1264 244
1265 243
2232 105
1268 741
1269 469
330 969
331 439
3274 70
334 984
337 73
2242 62
3239 815
2626 251
2245 99
1277 343
1281 1056
1349 1010
2252 94
1777 296
2254 26
1121 592
246 565
2258 384
2448 733
2246 900
2693 281
1825 542
1303 816
2375 569
2199 189
2266 31
1790 246
366 422
1301 655
1302 654
3527 365
1035 677
3273 1050
2278 327
3275 791
3277 605
1308 832
3294 621
1312 834
420 217
385 273
389 335
2294 409
395 892
2298 1068
3295 179
2299 405
3296 1107
3297 977
3299 490
1736 667
3662 263
979 1117
1337 42
1338 1052
3309 473
142 910
3311 610
414 113
3313 268
2507 114
1272 240
2314 83
1343 917
2516 68
2318 81
419 1047
1348 46
421 142
2322 623
2323 624
423 1041
1353 449
2330 466
437 720
226 344
1361 518
3340 171
2343 176
2763 604
3008 738
2347 572
445 1064
2354 567
3353 87
450 387
451 388
214 746
1795 436
3048 591
3366 719
462 197
3369 634
1390 691
596 543
468 174
1896 765
3378 586
2380 158
1396 709
478 730
3293 330
2891 1081
480 394
1254 151
3390 1030
1400 952
485 727
1405 699
3398 970
3399 1045
3400 1044
883 47
396 345
3136 982
492 1103
2406 54
1800 539
2409 53
3028 965
501 261
1801 582
2416 236
3088 390
3416 716
1421 697
2256 826
1428 312
2636 522
3430 983
520 837
2430 1002
2188 34
3253 1029
3128 611
2189 194
529 590
2440 39
533 838
2492 351
306 999
3249 585
1448 787
2327 674
537 417
1024 781
540 931
2452 211
1453 812
3452 467
543 926
544 925
545 831
3312 809
193 979
548 437
549 1016
1335 43
486 399
482 732
3462 215
558 920
561 512
564 511
1469 373
3653 109
3148 880
567 128
1436 992
2316 1093
2479 779
1476 88
2149 949
1470 731
3643 675
72 833
1775 299
575 441
576 185
3488 110
2489 1038
2490 968
3491 460
2985 474
2493 794
3603 759
586 69
1563 44
487 888
3505 1110
639 847
3510 464
3511 836
598 415
254 961
578 416
3316 580
1509 562
3517 755
2827 993
3519 756
1514 181
1517 183
1519 184
607 570
418 684
1104 342
1522 564
609 835
613 489
1528 58
3533 222
2687 285
2535 795
1531 1109
1538 173
2346 306
3351 729
670 241
1541 421
1512 577
2970 575
2556 829
1849 172
10 630
628 1053
629 178
260 532
3559 980
1678 433
2569 599
636 540
3561 1078
3562 483
1556 750
638 445
3199 530
640 1054
641 823
646 618
1568 1104
1961 1083
3573 337
2580 785
2557 912
3576 150
320 303
2002 762
655 1023
1576 505
1578 1105
3115 612
3593 149
3594 366
3859 374
602 661
664 414
2599 772
3055 279
2601 298
1593 673
1595 807
672 204
3607 953
674 662
675 132
1598 777
3610 874
1479 665
3612 875
3582 202
684 549
1607 468
689 360
2625 254
2248 951
2630 72
2268 784
1616 773
3521 359
3624 1082
2638 249
702 361
3448 403
1626 670
1628 462
707 371
708 356
709 848
3629 1058
1632 459
710 357
3636 628
3638 627
712 378
835 79
716 685
1993 138
559 882
440 678
2177 1069
1640 124
531 964
3652 234
2675 1061
727 252
2678 186
3518 264
730 635
1656 119
731 59
733 679
1663 125
2686 633
630 642
2565 651
93 893
648 640
2647 247
1342 454
682 596
808 66
2697 1022
745 639
1059 810
746 868
1679 440
1036 230
748 867
1684 424
1685 423
2691 425
606 446
1687 408
532 839
3654 108
757 239
3349 687
2657 909
761 527
1696 508
806 393
1521 482
1847 442
3704 147
1703 1091
718 683
775 558
2721 778
2723 941
2724 724
3420 704
3721 804
3723 918
781 1066
1156 11
2011 929
1724 602
3754 767
2737 943
3738 1019
1730 593
2744 1051
1733 404
797 865
3029 714
2754 1042
1702 742
2759 852
809 854
811 48
2761 899
697 320
2666 291
3141 858
818 75
1764 1114
2775 1046
3537 819
1229 476
828 77
1770 861
3013 878
831 322
2981 863
2967 484
652 988
1261 61
836 348
3787 533
2788 1014
1098 30
841 962
1784 300
847 430
3805 471
2802 321
856 666
858 130
2520 963
1796 545
859 944
2545 978
623 636
863 369
231 1071
1806 1096
1235 407
871 663
3833 584
124 573
3587 332
877 972
878 939
3845 1111
2828 994
3526 463
3850 587
2835 995
2836 22
2378 966
1827 754
885 940
3858 375
2206 895
1619 681
1623 996
1850 443
1837 862
778 555
2858 761
563 510
1843 997
1844 51
1846 859
909 739
762 528
2037 103
3879 827
2781 302
916 82
2305 1097
717 63
1717 1079
1865 1000
1768 1087
1868 1015
934 886
823 664
583 275
2746 801
